# JWST NIRISS/SOSS Order 1 Reference Trace Positions
# SOSS Trace Study: TR#: 000000
# Authors: Tyler Baines, Nestor Espinoza
# email: tbaines@stsci.edu, nespinoza@stsci.edu
# Date Created (YYYYMMDD): 20230314
# 
# Description: Reference model for order 1 trace positions at the commanded 
# positions angle of 245.7616 [deg] as well as the pivot point which the trace 
# will rotate about. This model will be used to predict the trace positions
# for a SOSS given the pupil wheel position angle for the GR700XD from the fits
# header keyword "PWCPOS".
# pivot: x [pixel], y [pixel]
# trace: x [pixel], y [pixel] 
# 
1887.0 54.00000000
4.0 84.62318534
5.0 84.57991762
6.0 84.53664989
7.0 84.49338216
8.0 84.45012038
9.0 84.40686456
10.0 84.36361472
11.0 84.32037087
12.0 84.27713302
13.0 84.23390120
14.0 84.19067540
15.0 84.14745564
16.0 84.10424195
17.0 84.06103432
18.0 84.01783278
19.0 83.97463734
20.0 83.93144801
21.0 83.88826480
22.0 83.84508774
23.0 83.80191682
24.0 83.75875207
25.0 83.71559350
26.0 83.67244113
27.0 83.62929496
28.0 83.58615501
29.0 83.54302130
30.0 83.49989383
31.0 83.45677262
32.0 83.41365769
33.0 83.37054904
34.0 83.32744670
35.0 83.28435067
36.0 83.24126096
37.0 83.19817760
38.0 83.15510060
39.0 83.11202996
40.0 83.06896571
41.0 83.02590785
42.0 82.98285640
43.0 82.93981138
44.0 82.89677279
45.0 82.85374065
46.0 82.81071497
47.0 82.76769577
48.0 82.72468307
49.0 82.68167686
50.0 82.63867718
51.0 82.59568402
52.0 82.55269741
53.0 82.50971736
54.0 82.46674388
55.0 82.42377698
56.0 82.38081668
57.0 82.33786300
58.0 82.29491594
59.0 82.25197552
60.0 82.20904175
61.0 82.16611465
62.0 82.12319423
63.0 82.08028050
64.0 82.03737348
65.0 81.99447319
66.0 81.95157962
67.0 81.90869280
68.0 81.86581274
69.0 81.82293946
70.0 81.78007297
71.0 81.73721327
72.0 81.69436040
73.0 81.65151435
74.0 81.60867514
75.0 81.56584279
76.0 81.52301731
77.0 81.48019871
78.0 81.43738701
79.0 81.39458221
80.0 81.35178434
81.0 81.30899341
82.0 81.26620943
83.0 81.22343241
84.0 81.18066237
85.0 81.13789932
86.0 81.09514327
87.0 81.05239425
88.0 81.00965225
89.0 80.96691730
90.0 80.92418941
91.0 80.88146859
92.0 80.83875485
93.0 80.79604822
94.0 80.75334869
95.0 80.71065630
96.0 80.66797104
97.0 80.62529294
98.0 80.58262200
99.0 80.53995824
100.0 80.49730168
101.0 80.45465233
102.0 80.41201019
103.0 80.36937529
104.0 80.32674764
105.0 80.28412725
106.0 80.24151414
107.0 80.19890831
108.0 80.15630979
109.0 80.11371858
110.0 80.07113470
111.0 80.02855816
112.0 79.98598898
113.0 79.94342717
114.0 79.90087274
115.0 79.85832571
116.0 79.81578609
117.0 79.77325389
118.0 79.73072913
119.0 79.68821182
120.0 79.64570197
121.0 79.60319961
122.0 79.56070473
123.0 79.51821736
124.0 79.47573751
125.0 79.43326519
126.0 79.39080041
127.0 79.34834320
128.0 79.30589355
129.0 79.26345150
130.0 79.22101704
131.0 79.17859020
132.0 79.13617098
133.0 79.09375940
134.0 79.05135548
135.0 79.00895922
136.0 78.96657064
137.0 78.92418976
138.0 78.88181659
139.0 78.83945114
140.0 78.79709342
141.0 78.75474345
142.0 78.71240124
143.0 78.67006681
144.0 78.62774017
145.0 78.58542133
146.0 78.54311031
147.0 78.50080711
148.0 78.45851176
149.0 78.41622427
150.0 78.37394464
151.0 78.33167290
152.0 78.28940906
153.0 78.24715312
154.0 78.20490511
155.0 78.16266504
156.0 78.12043292
157.0 78.07820877
158.0 78.03599259
159.0 77.99378441
160.0 77.95158423
161.0 77.90939207
162.0 77.86720794
163.0 77.82503186
164.0 77.78286383
165.0 77.74070388
166.0 77.69855202
167.0 77.65640826
168.0 77.61427261
169.0 77.57214508
170.0 77.53002570
171.0 77.48791447
172.0 77.44581141
173.0 77.40371654
174.0 77.36162985
175.0 77.31955138
176.0 77.27748112
177.0 77.23541910
178.0 77.19336533
179.0 77.15131983
180.0 77.10928259
181.0 77.06725365
182.0 77.02523301
183.0 76.98322069
184.0 76.94121670
185.0 76.89922105
186.0 76.85723376
187.0 76.81525483
188.0 76.77328430
189.0 76.73132216
190.0 76.68936843
191.0 76.64742312
192.0 76.60548626
193.0 76.56355784
194.0 76.52163789
195.0 76.47972642
196.0 76.43782345
197.0 76.39592897
198.0 76.35404302
199.0 76.31216560
200.0 76.27029673
201.0 76.22843641
202.0 76.18658467
203.0 76.14474152
204.0 76.10290697
205.0 76.06108103
206.0 76.01926372
207.0 75.97745505
208.0 75.93565503
209.0 75.89386368
210.0 75.85208102
211.0 75.81030705
212.0 75.76854179
213.0 75.72678525
214.0 75.68503744
215.0 75.64329839
216.0 75.60156810
217.0 75.55984658
218.0 75.51813386
219.0 75.47642993
220.0 75.43473483
221.0 75.39304855
222.0 75.35137112
223.0 75.30970255
224.0 75.26804285
225.0 75.22639203
226.0 75.18475011
227.0 75.14311710
228.0 75.10149302
229.0 75.05987787
230.0 75.01827168
231.0 74.97667445
232.0 74.93508621
233.0 74.89350695
234.0 74.85193670
235.0 74.81037548
236.0 74.76882328
237.0 74.72728013
238.0 74.68574604
239.0 74.64422103
240.0 74.60270510
241.0 74.56119828
242.0 74.51970057
243.0 74.47821198
244.0 74.43673254
245.0 74.39526225
246.0 74.35380113
247.0 74.31234920
248.0 74.27090646
249.0 74.22947293
250.0 74.18804862
251.0 74.14663354
252.0 74.10522772
253.0 74.06383116
254.0 74.02244388
255.0 73.98106589
256.0 73.93969720
257.0 73.89833783
258.0 73.85698779
259.0 73.81564709
260.0 73.77431575
261.0 73.73299378
262.0 73.69168120
263.0 73.65037802
264.0 73.60908425
265.0 73.56779990
266.0 73.52652500
267.0 73.48525954
268.0 73.44400355
269.0 73.40275704
270.0 73.36152003
271.0 73.32029252
272.0 73.27907453
273.0 73.23786608
274.0 73.19666717
275.0 73.15547782
276.0 73.11429805
277.0 73.07312787
278.0 73.03196729
279.0 72.99081632
280.0 72.94967498
281.0 72.90854328
282.0 72.86742124
283.0 72.82630887
284.0 72.78520617
285.0 72.74411318
286.0 72.70302990
287.0 72.66195633
288.0 72.62089251
289.0 72.57983843
290.0 72.53879412
291.0 72.49775959
292.0 72.45673484
293.0 72.41571991
294.0 72.37471478
295.0 72.33371949
296.0 72.29273405
297.0 72.25175846
298.0 72.21079275
299.0 72.16983692
300.0 72.12889099
301.0 72.08795497
302.0 72.04702888
303.0 72.00611272
304.0 71.96520652
305.0 71.92431029
306.0 71.88342404
307.0 71.84254778
308.0 71.80168153
309.0 71.76082529
310.0 71.71997910
311.0 71.67914295
312.0 71.63831686
313.0 71.59750085
314.0 71.55669492
315.0 71.51589910
316.0 71.47511339
317.0 71.43433781
318.0 71.39357237
319.0 71.35281709
320.0 71.31207198
321.0 71.27133705
322.0 71.23061232
323.0 71.18989780
324.0 71.14919350
325.0 71.10849944
326.0 71.06781563
327.0 71.02714208
328.0 70.98647881
329.0 70.94582583
330.0 70.90518316
331.0 70.86455080
332.0 70.82392878
333.0 70.78331710
334.0 70.74271578
335.0 70.70212484
336.0 70.66154428
337.0 70.62097411
338.0 70.58041437
339.0 70.53986504
340.0 70.49932616
341.0 70.45879773
342.0 70.41827977
343.0 70.37777229
344.0 70.33727530
345.0 70.29678882
346.0 70.25631286
347.0 70.21584744
348.0 70.17539256
349.0 70.13494825
350.0 70.09451451
351.0 70.05409136
352.0 70.01367881
353.0 69.97327688
354.0 69.93288558
355.0 69.89250492
356.0 69.85213491
357.0 69.81177558
358.0 69.77142693
359.0 69.73108898
360.0 69.69076173
361.0 69.65044521
362.0 69.61013943
363.0 69.56984440
364.0 69.52956014
365.0 69.48928665
366.0 69.44902395
367.0 69.40877206
368.0 69.36853099
369.0 69.32830075
370.0 69.28808136
371.0 69.24787282
372.0 69.20767516
373.0 69.16748838
374.0 69.12731251
375.0 69.08714754
376.0 69.04699351
377.0 69.00685041
378.0 68.96671827
379.0 68.92659709
380.0 68.88648690
381.0 68.84638770
382.0 68.80629951
383.0 68.76622234
384.0 68.72615621
385.0 68.68610112
386.0 68.64605710
387.0 68.60602415
388.0 68.56600229
389.0 68.52599154
390.0 68.48599190
391.0 68.44600339
392.0 68.40602602
393.0 68.36605981
394.0 68.32610477
395.0 68.28616091
396.0 68.24622826
397.0 68.20630681
398.0 68.16639659
399.0 68.12649760
400.0 68.08660987
401.0 68.04673340
402.0 68.00686821
403.0 67.96701431
404.0 67.92717172
405.0 67.88734047
406.0 67.84752057
407.0 67.80771204
408.0 67.76791491
409.0 67.72812920
410.0 67.68835493
411.0 67.64859211
412.0 67.60884078
413.0 67.56910095
414.0 67.52937265
415.0 67.48965589
416.0 67.44995070
417.0 67.41025710
418.0 67.37057511
419.0 67.33090475
420.0 67.29124604
421.0 67.25159901
422.0 67.21196367
423.0 67.17234005
424.0 67.13272816
425.0 67.09312804
426.0 67.05353969
427.0 67.01396315
428.0 66.97439844
429.0 66.93484556
430.0 66.89530456
431.0 66.85577544
432.0 66.81625823
433.0 66.77675295
434.0 66.73725963
435.0 66.69777827
436.0 66.65830891
437.0 66.61885157
438.0 66.57940626
439.0 66.53997302
440.0 66.50055185
441.0 66.46114278
442.0 66.42174584
443.0 66.38236104
444.0 66.34298841
445.0 66.30362796
446.0 66.26427972
447.0 66.22494372
448.0 66.18561996
449.0 66.14630847
450.0 66.10700928
451.0 66.06772240
452.0 66.02844786
453.0 65.98918568
454.0 65.94993588
455.0 65.91069848
456.0 65.87147350
457.0 65.83226096
458.0 65.79306089
459.0 65.75387330
460.0 65.71469822
461.0 65.67553567
462.0 65.63638567
463.0 65.59724824
464.0 65.55812340
465.0 65.51901118
466.0 65.47991159
467.0 65.44082467
468.0 65.40175041
469.0 65.36268886
470.0 65.32364003
471.0 65.28460394
472.0 65.24558062
473.0 65.20657008
474.0 65.16757235
475.0 65.12858744
476.0 65.08961539
477.0 65.05065620
478.0 65.01170991
479.0 64.97277653
480.0 64.93385609
481.0 64.89494860
482.0 64.85605409
483.0 64.81717258
484.0 64.77830408
485.0 64.73944863
486.0 64.70060624
487.0 64.66177694
488.0 64.62296074
489.0 64.58415767
490.0 64.54536775
491.0 64.50659100
492.0 64.46782744
493.0 64.42907709
494.0 64.39033997
495.0 64.35161611
496.0 64.31290553
497.0 64.27420825
498.0 64.23552428
499.0 64.19685365
500.0 64.15819639
501.0 64.11955251
502.0 64.08092204
503.0 64.04230499
504.0 64.00370139
505.0 63.96511126
506.0 63.92653461
507.0 63.88797148
508.0 63.84942189
509.0 63.81088584
510.0 63.77236338
511.0 63.73385451
512.0 63.69535925
513.0 63.65687764
514.0 63.61840969
515.0 63.57995542
516.0 63.54151486
517.0 63.50308802
518.0 63.46467493
519.0 63.42627561
520.0 63.38789007
521.0 63.34951835
522.0 63.31116046
523.0 63.27281642
524.0 63.23448626
525.0 63.19616999
526.0 63.15786764
527.0 63.11957923
528.0 63.08130478
529.0 63.04304431
530.0 63.00479785
531.0 62.96656541
532.0 62.92834701
533.0 62.89014268
534.0 62.85195244
535.0 62.81377631
536.0 62.77561432
537.0 62.73746647
538.0 62.69933280
539.0 62.66121333
540.0 62.62310807
541.0 62.58501705
542.0 62.54694028
543.0 62.50887780
544.0 62.47082963
545.0 62.43279577
546.0 62.39477626
547.0 62.35677112
548.0 62.31878036
549.0 62.28080402
550.0 62.24284210
551.0 62.20489464
552.0 62.16696164
553.0 62.12904315
554.0 62.09113917
555.0 62.05324972
556.0 62.01537484
557.0 61.97751453
558.0 61.93966883
559.0 61.90183775
560.0 61.86402131
561.0 61.82621954
562.0 61.78843246
563.0 61.75066008
564.0 61.71290244
565.0 61.67515954
566.0 61.63743142
567.0 61.59971809
568.0 61.56201957
569.0 61.52433590
570.0 61.48666708
571.0 61.44901313
572.0 61.41137409
573.0 61.37374998
574.0 61.33614080
575.0 61.29854659
576.0 61.26096736
577.0 61.22340315
578.0 61.18585396
579.0 61.14831982
580.0 61.11080075
581.0 61.07329678
582.0 61.03580792
583.0 60.99833419
584.0 60.96087563
585.0 60.92343224
586.0 60.88600405
587.0 60.84859108
588.0 60.81119335
589.0 60.77381089
590.0 60.73644371
591.0 60.69909184
592.0 60.66175530
593.0 60.62443410
594.0 60.58712828
595.0 60.54983785
596.0 60.51256283
597.0 60.47530325
598.0 60.43805912
599.0 60.40083047
600.0 60.36361732
601.0 60.32641969
602.0 60.28923760
603.0 60.25207108
604.0 60.21492013
605.0 60.17778480
606.0 60.14066509
607.0 60.10356103
608.0 60.06647264
609.0 60.02939994
610.0 59.99234295
611.0 59.95530169
612.0 59.91827620
613.0 59.88126647
614.0 59.84427255
615.0 59.80729445
616.0 59.77033218
617.0 59.73338578
618.0 59.69645526
619.0 59.65954065
620.0 59.62264196
621.0 59.58575922
622.0 59.54889245
623.0 59.51204167
624.0 59.47520690
625.0 59.43838816
626.0 59.40158548
627.0 59.36479887
628.0 59.32802836
629.0 59.29127397
630.0 59.25453572
631.0 59.21781363
632.0 59.18110773
633.0 59.14441802
634.0 59.10774455
635.0 59.07108731
636.0 59.03444635
637.0 58.99782168
638.0 58.96121331
639.0 58.92462128
640.0 58.88804561
641.0 58.85148630
642.0 58.81494340
643.0 58.77841691
644.0 58.74190686
645.0 58.70541327
646.0 58.66893616
647.0 58.63247556
648.0 58.59603148
649.0 58.55960394
650.0 58.52319298
651.0 58.48679860
652.0 58.45042083
653.0 58.41405969
654.0 58.37771521
655.0 58.34138739
656.0 58.30507628
657.0 58.26878188
658.0 58.23250422
659.0 58.19624332
660.0 58.15999920
661.0 58.12377188
662.0 58.08756139
663.0 58.05136774
664.0 58.01519095
665.0 57.97903106
666.0 57.94288807
667.0 57.90676202
668.0 57.87065291
669.0 57.83456078
670.0 57.79848564
671.0 57.76242752
672.0 57.72638644
673.0 57.69036241
674.0 57.65435547
675.0 57.61836563
676.0 57.58239291
677.0 57.54643733
678.0 57.51049892
679.0 57.47457769
680.0 57.43867368
681.0 57.40278689
682.0 57.36691735
683.0 57.33106509
684.0 57.29523012
685.0 57.25941247
686.0 57.22361215
687.0 57.18782919
688.0 57.15206361
689.0 57.11631542
690.0 57.08058467
691.0 57.04487135
692.0 57.00917550
693.0 56.97349713
694.0 56.93783628
695.0 56.90219295
696.0 56.86656717
697.0 56.83095896
698.0 56.79536834
699.0 56.75979534
700.0 56.72423998
701.0 56.68870227
702.0 56.65318224
703.0 56.61767991
704.0 56.58219530
705.0 56.54672843
706.0 56.51127933
707.0 56.47584801
708.0 56.44043450
709.0 56.40503882
710.0 56.36966098
711.0 56.33430102
712.0 56.29895895
713.0 56.26363479
714.0 56.22832856
715.0 56.19304029
716.0 56.15777000
717.0 56.12251771
718.0 56.08728344
719.0 56.05206721
720.0 56.01686904
721.0 55.98168896
722.0 55.94652698
723.0 55.91138313
724.0 55.87625743
725.0 55.84114990
726.0 55.80606056
727.0 55.77098943
728.0 55.73593653
729.0 55.70090189
730.0 55.66588553
731.0 55.63088746
732.0 55.59590772
733.0 55.56094631
734.0 55.52600327
735.0 55.49107861
736.0 55.45617235
737.0 55.42128452
738.0 55.38641514
739.0 55.35156423
740.0 55.31673181
741.0 55.28191790
742.0 55.24712252
743.0 55.21234570
744.0 55.17758745
745.0 55.14284780
746.0 55.10812677
747.0 55.07342437
748.0 55.03874064
749.0 55.00407559
750.0 54.96942925
751.0 54.93480163
752.0 54.90019275
753.0 54.86560265
754.0 54.83103133
755.0 54.79647883
756.0 54.76194516
757.0 54.72743034
758.0 54.69293439
759.0 54.65845734
760.0 54.62399921
761.0 54.58956002
762.0 54.55513979
763.0 54.52073854
764.0 54.48635629
765.0 54.45199307
766.0 54.41764890
767.0 54.38332379
768.0 54.34901777
769.0 54.31473085
770.0 54.28046308
771.0 54.24621445
772.0 54.21198500
773.0 54.17777474
774.0 54.14358370
775.0 54.10941189
776.0 54.07525935
777.0 54.04112609
778.0 54.00701213
779.0 53.97291749
780.0 53.93884220
781.0 53.90478627
782.0 53.87074973
783.0 53.83673261
784.0 53.80273491
785.0 53.76875666
786.0 53.73479789
787.0 53.70085861
788.0 53.66693884
789.0 53.63303862
790.0 53.59915795
791.0 53.56529686
792.0 53.53145538
793.0 53.49763351
794.0 53.46383129
795.0 53.43004874
796.0 53.39628587
797.0 53.36254271
798.0 53.32881929
799.0 53.29511561
800.0 53.26143172
801.0 53.22776768
802.0 53.19412357
803.0 53.16049944
804.0 53.12689536
805.0 53.09331140
806.0 53.05974763
807.0 53.02620410
808.0 52.99268089
809.0 52.95917807
810.0 52.92569570
811.0 52.89223384
812.0 52.85879256
813.0 52.82537193
814.0 52.79197202
815.0 52.75859289
816.0 52.72523460
817.0 52.69189723
818.0 52.65858083
819.0 52.62528548
820.0 52.59201125
821.0 52.55875819
822.0 52.52552637
823.0 52.49231587
824.0 52.45912674
825.0 52.42595906
826.0 52.39281288
827.0 52.35968828
828.0 52.32658532
829.0 52.29350407
830.0 52.26044460
831.0 52.22740696
832.0 52.19439123
833.0 52.16139747
834.0 52.12842575
835.0 52.09547614
836.0 52.06254870
837.0 52.02964350
838.0 51.99676059
839.0 51.96390006
840.0 51.93106197
841.0 51.89824638
842.0 51.86545336
843.0 51.83268297
844.0 51.79993528
845.0 51.76721036
846.0 51.73450828
847.0 51.70182909
848.0 51.66917287
849.0 51.63653968
850.0 51.60392959
851.0 51.57134267
852.0 51.53877898
853.0 51.50623858
854.0 51.47372155
855.0 51.44122795
856.0 51.40875784
857.0 51.37631129
858.0 51.34388838
859.0 51.31148916
860.0 51.27911369
861.0 51.24676206
862.0 51.21443432
863.0 51.18213054
864.0 51.14985078
865.0 51.11759512
866.0 51.08536361
867.0 51.05315633
868.0 51.02097334
869.0 50.98881471
870.0 50.95668050
871.0 50.92457078
872.0 50.89248561
873.0 50.86042507
874.0 50.82838921
875.0 50.79637811
876.0 50.76439183
877.0 50.73243044
878.0 50.70049399
879.0 50.66858257
880.0 50.63669623
881.0 50.60483505
882.0 50.57299908
883.0 50.54118840
884.0 50.50940306
885.0 50.47764314
886.0 50.44590871
887.0 50.41419982
888.0 50.38251655
889.0 50.35085897
890.0 50.31922712
891.0 50.28762110
892.0 50.25604095
893.0 50.22448675
894.0 50.19295856
895.0 50.16145645
896.0 50.12998048
897.0 50.09853073
898.0 50.06710725
899.0 50.03571012
900.0 50.00433940
901.0 49.97299515
902.0 49.94167744
903.0 49.91038635
904.0 49.87912193
905.0 49.84788425
906.0 49.81667337
907.0 49.78548937
908.0 49.75433231
909.0 49.72320226
910.0 49.69209928
911.0 49.66102343
912.0 49.62997480
913.0 49.59895343
914.0 49.56795940
915.0 49.53699277
916.0 49.50605361
917.0 49.47514199
918.0 49.44425797
919.0 49.41340161
920.0 49.38257300
921.0 49.35177218
922.0 49.32099923
923.0 49.29025421
924.0 49.25953719
925.0 49.22884824
926.0 49.19818742
927.0 49.16755479
928.0 49.13695043
929.0 49.10637441
930.0 49.07582677
931.0 49.04530760
932.0 49.01481696
933.0 48.98435492
934.0 48.95392154
935.0 48.92351688
936.0 48.89314102
937.0 48.86279402
938.0 48.83247595
939.0 48.80218686
940.0 48.77192684
941.0 48.74169594
942.0 48.71149424
943.0 48.68132179
944.0 48.65117866
945.0 48.62106493
946.0 48.59098065
947.0 48.56092589
948.0 48.53090073
949.0 48.50090521
950.0 48.47093942
951.0 48.44100342
952.0 48.41109727
953.0 48.38122104
954.0 48.35137479
955.0 48.32155860
956.0 48.29177253
957.0 48.26201664
958.0 48.23229100
959.0 48.20259568
960.0 48.17293074
961.0 48.14329626
962.0 48.11369228
963.0 48.08411889
964.0 48.05457615
965.0 48.02506413
966.0 47.99558288
967.0 47.96613248
968.0 47.93671300
969.0 47.90732449
970.0 47.87796703
971.0 47.84864068
972.0 47.81934551
973.0 47.79008159
974.0 47.76084897
975.0 47.73164773
976.0 47.70247794
977.0 47.67333965
978.0 47.64423294
979.0 47.61515787
980.0 47.58611451
981.0 47.55710293
982.0 47.52812318
983.0 47.49917534
984.0 47.47025948
985.0 47.44137565
986.0 47.41252393
987.0 47.38370438
988.0 47.35491706
989.0 47.32616205
990.0 47.29743942
991.0 47.26874921
992.0 47.24009151
993.0 47.21146638
994.0 47.18287389
995.0 47.15431410
996.0 47.12578707
997.0 47.09729288
998.0 47.06883158
999.0 47.04040326
1000.0 47.01200796
1001.0 46.98364577
1002.0 46.95531674
1003.0 46.92702094
1004.0 46.89875844
1005.0 46.87052930
1006.0 46.84233359
1007.0 46.81417138
1008.0 46.78604273
1009.0 46.75794771
1010.0 46.72988638
1011.0 46.70185882
1012.0 46.67386508
1013.0 46.64590524
1014.0 46.61797935
1015.0 46.59008749
1016.0 46.56222973
1017.0 46.53440612
1018.0 46.50661673
1019.0 46.47886164
1020.0 46.45114090
1021.0 46.42345459
1022.0 46.39580277
1023.0 46.36818550
1024.0 46.34060285
1025.0 46.31305490
1026.0 46.28554169
1027.0 46.25806331
1028.0 46.23061982
1029.0 46.20321127
1030.0 46.17583775
1031.0 46.14849931
1032.0 46.12119603
1033.0 46.09392796
1034.0 46.06669517
1035.0 46.03949774
1036.0 46.01233572
1037.0 45.98520919
1038.0 45.95811820
1039.0 45.93106283
1040.0 45.90404315
1041.0 45.87705921
1042.0 45.85011108
1043.0 45.82319883
1044.0 45.79632253
1045.0 45.76948225
1046.0 45.74267804
1047.0 45.71590998
1048.0 45.68917812
1049.0 45.66248255
1050.0 45.63582332
1051.0 45.60920050
1052.0 45.58261416
1053.0 45.55606435
1054.0 45.52955116
1055.0 45.50307464
1056.0 45.47663487
1057.0 45.45023190
1058.0 45.42386580
1059.0 45.39753665
1060.0 45.37124450
1061.0 45.34498942
1062.0 45.31877148
1063.0 45.29259075
1064.0 45.26644729
1065.0 45.24034116
1066.0 45.21427244
1067.0 45.18824119
1068.0 45.16224747
1069.0 45.13629135
1070.0 45.11037291
1071.0 45.08449220
1072.0 45.05864929
1073.0 45.03284424
1074.0 45.00707713
1075.0 44.98134802
1076.0 44.95565698
1077.0 44.93000406
1078.0 44.90438935
1079.0 44.87881290
1080.0 44.85327478
1081.0 44.82777505
1082.0 44.80231379
1083.0 44.77689106
1084.0 44.75150692
1085.0 44.72616145
1086.0 44.70085470
1087.0 44.67558675
1088.0 44.65035766
1089.0 44.62516750
1090.0 44.60001633
1091.0 44.57490421
1092.0 44.54983123
1093.0 44.52479743
1094.0 44.49980289
1095.0 44.47484768
1096.0 44.44993185
1097.0 44.42505549
1098.0 44.40021864
1099.0 44.37542139
1100.0 44.35066379
1101.0 44.32594591
1102.0 44.30126781
1103.0 44.27662958
1104.0 44.25203126
1105.0 44.22747293
1106.0 44.20295465
1107.0 44.17847649
1108.0 44.15403851
1109.0 44.12964079
1110.0 44.10528338
1111.0 44.08096636
1112.0 44.05668978
1113.0 44.03245373
1114.0 44.00825825
1115.0 43.98410343
1116.0 43.95998931
1117.0 43.93591598
1118.0 43.91188350
1119.0 43.88789193
1120.0 43.86394134
1121.0 43.84003180
1122.0 43.81616336
1123.0 43.79233611
1124.0 43.76855010
1125.0 43.74480540
1126.0 43.72110208
1127.0 43.69744020
1128.0 43.67381983
1129.0 43.65024104
1130.0 43.62670389
1131.0 43.60320844
1132.0 43.57975478
1133.0 43.55634295
1134.0 43.53297303
1135.0 43.50964508
1136.0 43.48635917
1137.0 43.46311537
1138.0 43.43991373
1139.0 43.41675434
1140.0 43.39363725
1141.0 43.37056253
1142.0 43.34753025
1143.0 43.32454047
1144.0 43.30159326
1145.0 43.27868868
1146.0 43.25582681
1147.0 43.23300770
1148.0 43.21023143
1149.0 43.18749806
1150.0 43.16480765
1151.0 43.14216028
1152.0 43.11955601
1153.0 43.09699490
1154.0 43.07447702
1155.0 43.05200244
1156.0 43.02957123
1157.0 43.00718344
1158.0 42.98483915
1159.0 42.96253843
1160.0 42.94028133
1161.0 42.91806792
1162.0 42.89589828
1163.0 42.87377247
1164.0 42.85169055
1165.0 42.82965258
1166.0 42.80765865
1167.0 42.78570881
1168.0 42.76380312
1169.0 42.74194166
1170.0 42.72012449
1171.0 42.69835168
1172.0 42.67662329
1173.0 42.65493940
1174.0 42.63330005
1175.0 42.61170533
1176.0 42.59015530
1177.0 42.56865002
1178.0 42.54718957
1179.0 42.52577400
1180.0 42.50440338
1181.0 42.48307778
1182.0 42.46179727
1183.0 42.44056191
1184.0 42.41937177
1185.0 42.39822692
1186.0 42.37712741
1187.0 42.35607332
1188.0 42.33506471
1189.0 42.31410166
1190.0 42.29318422
1191.0 42.27231246
1192.0 42.25148644
1193.0 42.23070625
1194.0 42.20997193
1195.0 42.18928356
1196.0 42.16864164
1197.0 42.14804846
1198.0 42.12750672
1199.0 42.10701915
1200.0 42.08658847
1201.0 42.06621696
1202.0 42.04590516
1203.0 42.02565321
1204.0 42.00546122
1205.0 41.98532931
1206.0 41.96525759
1207.0 41.94524620
1208.0 41.92529524
1209.0 41.90540483
1210.0 41.88557510
1211.0 41.86580616
1212.0 41.84609813
1213.0 41.82645114
1214.0 41.80686529
1215.0 41.78734071
1216.0 41.76787752
1217.0 41.74847584
1218.0 41.72913579
1219.0 41.70985748
1220.0 41.69064103
1221.0 41.67148657
1222.0 41.65239421
1223.0 41.63336407
1224.0 41.61439627
1225.0 41.59549093
1226.0 41.57664816
1227.0 41.55786810
1228.0 41.53915085
1229.0 41.52049654
1230.0 41.50190528
1231.0 41.48337719
1232.0 41.46491240
1233.0 41.44651101
1234.0 41.42817316
1235.0 41.40989896
1236.0 41.39168852
1237.0 41.37354197
1238.0 41.35545943
1239.0 41.33744102
1240.0 41.31948684
1241.0 41.30159704
1242.0 41.28377171
1243.0 41.26601098
1244.0 41.24831498
1245.0 41.23068381
1246.0 41.21311761
1247.0 41.19561648
1248.0 41.17818054
1249.0 41.16080993
1250.0 41.14350474
1251.0 41.12626511
1252.0 41.10909115
1253.0 41.09198299
1254.0 41.07494073
1255.0 41.05796451
1256.0 41.04105443
1257.0 41.02421062
1258.0 41.00743319
1259.0 40.99072227
1260.0 40.97407798
1261.0 40.95750043
1262.0 40.94098974
1263.0 40.92454603
1264.0 40.90816943
1265.0 40.89186004
1266.0 40.87561799
1267.0 40.85944340
1268.0 40.84333639
1269.0 40.82729707
1270.0 40.81132556
1271.0 40.79542199
1272.0 40.77958647
1273.0 40.76381913
1274.0 40.74812007
1275.0 40.73248942
1276.0 40.71692731
1277.0 40.70143384
1278.0 40.68600913
1279.0 40.67065331
1280.0 40.65536650
1281.0 40.64014881
1282.0 40.62500036
1283.0 40.60992128
1284.0 40.59491167
1285.0 40.57997167
1286.0 40.56510138
1287.0 40.55030093
1288.0 40.53557044
1289.0 40.52091002
1290.0 40.50631980
1291.0 40.49179989
1292.0 40.47735042
1293.0 40.46297150
1294.0 40.44866324
1295.0 40.43442578
1296.0 40.42025922
1297.0 40.40616370
1298.0 40.39213932
1299.0 40.37818620
1300.0 40.36430448
1301.0 40.35049425
1302.0 40.33675565
1303.0 40.32308879
1304.0 40.30949379
1305.0 40.29597077
1306.0 40.28251984
1307.0 40.26914114
1308.0 40.25583477
1309.0 40.24260086
1310.0 40.22943953
1311.0 40.21635089
1312.0 40.20333506
1313.0 40.19039216
1314.0 40.17752231
1315.0 40.16472564
1316.0 40.15200225
1317.0 40.13935227
1318.0 40.12677582
1319.0 40.11427301
1320.0 40.10184397
1321.0 40.08948881
1322.0 40.07720766
1323.0 40.06500062
1324.0 40.05286783
1325.0 40.04080940
1326.0 40.02882545
1327.0 40.01691609
1328.0 40.00508146
1329.0 39.99332165
1330.0 39.98163681
1331.0 39.97002703
1332.0 39.95849246
1333.0 39.94703319
1334.0 39.93564935
1335.0 39.92434107
1336.0 39.91310845
1337.0 39.90195162
1338.0 39.89087070
1339.0 39.87986580
1340.0 39.86893705
1341.0 39.85808456
1342.0 39.84730846
1343.0 39.83660886
1344.0 39.82598588
1345.0 39.81543964
1346.0 39.80497026
1347.0 39.79457785
1348.0 39.78426255
1349.0 39.77402446
1350.0 39.76386371
1351.0 39.75378041
1352.0 39.74377468
1353.0 39.73384665
1354.0 39.72399642
1355.0 39.71422413
1356.0 39.70452989
1357.0 39.69491381
1358.0 39.68537602
1359.0 39.67591664
1360.0 39.66653578
1361.0 39.65723357
1362.0 39.64801012
1363.0 39.63886556
1364.0 39.62979999
1365.0 39.62081355
1366.0 39.61190634
1367.0 39.60307849
1368.0 39.59433012
1369.0 39.58566135
1370.0 39.57707229
1371.0 39.56856307
1372.0 39.56013380
1373.0 39.55178460
1374.0 39.54351559
1375.0 39.53532690
1376.0 39.52721863
1377.0 39.51919091
1378.0 39.51124386
1379.0 39.50337759
1380.0 39.49559224
1381.0 39.48788790
1382.0 39.48026471
1383.0 39.47272278
1384.0 39.46526223
1385.0 39.45788319
1386.0 39.45058576
1387.0 39.44337007
1388.0 39.43623624
1389.0 39.42918439
1390.0 39.42221463
1391.0 39.41532708
1392.0 39.40852187
1393.0 39.40179911
1394.0 39.39515893
1395.0 39.38860143
1396.0 39.38212674
1397.0 39.37573499
1398.0 39.36942628
1399.0 39.36320073
1400.0 39.35705847
1401.0 39.35099962
1402.0 39.34502429
1403.0 39.33913260
1404.0 39.33332468
1405.0 39.32760063
1406.0 39.32196059
1407.0 39.31640466
1408.0 39.31093297
1409.0 39.30554564
1410.0 39.30024278
1411.0 39.29502452
1412.0 39.28989097
1413.0 39.28484226
1414.0 39.27987849
1415.0 39.27499980
1416.0 39.27020630
1417.0 39.26549810
1418.0 39.26087534
1419.0 39.25633812
1420.0 39.25188656
1421.0 39.24752079
1422.0 39.24324093
1423.0 39.23904709
1424.0 39.23493939
1425.0 39.23091795
1426.0 39.22698289
1427.0 39.22313432
1428.0 39.21937238
1429.0 39.21569717
1430.0 39.21210882
1431.0 39.20860745
1432.0 39.20519317
1433.0 39.20186610
1434.0 39.19862636
1435.0 39.19547407
1436.0 39.19240936
1437.0 39.18943233
1438.0 39.18654311
1439.0 39.18374182
1440.0 39.18102857
1441.0 39.17840349
1442.0 39.17586669
1443.0 39.17341830
1444.0 39.17105843
1445.0 39.16878719
1446.0 39.16660472
1447.0 39.16451113
1448.0 39.16250654
1449.0 39.16059106
1450.0 39.15876482
1451.0 39.15702793
1452.0 39.15538052
1453.0 39.15382270
1454.0 39.15235459
1455.0 39.15097631
1456.0 39.14968799
1457.0 39.14848973
1458.0 39.14738166
1459.0 39.14636390
1460.0 39.14543657
1461.0 39.14459977
1462.0 39.14385365
1463.0 39.14319831
1464.0 39.14263386
1465.0 39.14216044
1466.0 39.14177816
1467.0 39.14148714
1468.0 39.14128750
1469.0 39.14117936
1470.0 39.14116283
1471.0 39.14123803
1472.0 39.14140509
1473.0 39.14166413
1474.0 39.14201525
1475.0 39.14245859
1476.0 39.14299426
1477.0 39.14362237
1478.0 39.14434306
1479.0 39.14515643
1480.0 39.14606261
1481.0 39.14706171
1482.0 39.14815386
1483.0 39.14933917
1484.0 39.15061777
1485.0 39.15198976
1486.0 39.15345528
1487.0 39.15501443
1488.0 39.15666735
1489.0 39.15841414
1490.0 39.16025492
1491.0 39.16218982
1492.0 39.16421896
1493.0 39.16634245
1494.0 39.16856041
1495.0 39.17087297
1496.0 39.17328190
1497.0 39.17579568
1498.0 39.17842443
1499.0 39.18117830
1500.0 39.18406741
1501.0 39.18710016
1502.0 39.19027800
1503.0 39.19360065
1504.0 39.19706781
1505.0 39.20067920
1506.0 39.20443452
1507.0 39.20833350
1508.0 39.21237585
1509.0 39.21656127
1510.0 39.22088948
1511.0 39.22536019
1512.0 39.22997311
1513.0 39.23472797
1514.0 39.23962445
1515.0 39.24466230
1516.0 39.24984120
1517.0 39.25516088
1518.0 39.26062105
1519.0 39.26622141
1520.0 39.27196169
1521.0 39.27784160
1522.0 39.28386084
1523.0 39.29001913
1524.0 39.29631618
1525.0 39.30275171
1526.0 39.30932542
1527.0 39.31603703
1528.0 39.32288625
1529.0 39.32987280
1530.0 39.33699638
1531.0 39.34425671
1532.0 39.35165350
1533.0 39.35918647
1534.0 39.36685531
1535.0 39.37465976
1536.0 39.38259952
1537.0 39.39067429
1538.0 39.39888381
1539.0 39.40722776
1540.0 39.41570588
1541.0 39.42431787
1542.0 39.43306344
1543.0 39.44194231
1544.0 39.45095419
1545.0 39.46009879
1546.0 39.46937582
1547.0 39.47878500
1548.0 39.48832603
1549.0 39.49799863
1550.0 39.50780252
1551.0 39.51773740
1552.0 39.52780299
1553.0 39.53799900
1554.0 39.54832514
1555.0 39.55878112
1556.0 39.56936666
1557.0 39.58008147
1558.0 39.59092526
1559.0 39.60189774
1560.0 39.61299863
1561.0 39.62422764
1562.0 39.63558447
1563.0 39.64706885
1564.0 39.65868049
1565.0 39.67041909
1566.0 39.68228437
1567.0 39.69427604
1568.0 39.70639382
1569.0 39.71863742
1570.0 39.73100654
1571.0 39.74350090
1572.0 39.75612022
1573.0 39.76886421
1574.0 39.78173257
1575.0 39.79472502
1576.0 39.80784128
1577.0 39.82108105
1578.0 39.83444405
1579.0 39.84792999
1580.0 39.86153858
1581.0 39.87526954
1582.0 39.88912257
1583.0 39.90309740
1584.0 39.91719372
1585.0 39.93141126
1586.0 39.94574972
1587.0 39.96020883
1588.0 39.97478828
1589.0 39.98948780
1590.0 40.00430709
1591.0 40.01924587
1592.0 40.03430385
1593.0 40.04948075
1594.0 40.06477627
1595.0 40.08019012
1596.0 40.09572203
1597.0 40.11137170
1598.0 40.12713888
1599.0 40.14302433
1600.0 40.15902978
1601.0 40.17515700
1602.0 40.19140778
1603.0 40.20778389
1604.0 40.22428712
1605.0 40.24091924
1606.0 40.25768203
1607.0 40.27457727
1608.0 40.29160673
1609.0 40.30877221
1610.0 40.32607547
1611.0 40.34351829
1612.0 40.36110245
1613.0 40.37882974
1614.0 40.39670193
1615.0 40.41472079
1616.0 40.43288812
1617.0 40.45120568
1618.0 40.46967525
1619.0 40.48829862
1620.0 40.50707756
1621.0 40.52601385
1622.0 40.54510927
1623.0 40.56436560
1624.0 40.58378462
1625.0 40.60336810
1626.0 40.62311782
1627.0 40.64303557
1628.0 40.66312312
1629.0 40.68338225
1630.0 40.70381474
1631.0 40.72442237
1632.0 40.74520691
1633.0 40.76617015
1634.0 40.78731387
1635.0 40.80863983
1636.0 40.83014983
1637.0 40.85184564
1638.0 40.87372903
1639.0 40.89580179
1640.0 40.91806570
1641.0 40.94052254
1642.0 40.96317407
1643.0 40.98602209
1644.0 41.00906837
1645.0 41.03231469
1646.0 41.05576283
1647.0 41.07941456
1648.0 41.10327167
1649.0 41.12733593
1650.0 41.15160913
1651.0 41.17609304
1652.0 41.20078943
1653.0 41.22570010
1654.0 41.25082681
1655.0 41.27617136
1656.0 41.30173550
1657.0 41.32752103
1658.0 41.35352972
1659.0 41.37976335
1660.0 41.40622371
1661.0 41.43291256
1662.0 41.45983168
1663.0 41.48698287
1664.0 41.51436788
1665.0 41.54198852
1666.0 41.56984654
1667.0 41.59794373
1668.0 41.62628187
1669.0 41.65486274
1670.0 41.68368812
1671.0 41.71275978
1672.0 41.74207951
1673.0 41.77164908
1674.0 41.80147027
1675.0 41.83154486
1676.0 41.86187463
1677.0 41.89246135
1678.0 41.92330682
1679.0 41.95441279
1680.0 41.98578106
1681.0 42.01741341
1682.0 42.04931160
1683.0 42.08147742
1684.0 42.11391265
1685.0 42.14661907
1686.0 42.17959845
1687.0 42.21285258
1688.0 42.24638323
1689.0 42.28019219
1690.0 42.31428122
1691.0 42.34865211
1692.0 42.38330664
1693.0 42.41824659
1694.0 42.45347373
1695.0 42.48898984
1696.0 42.52479238
1697.0 42.56086146
1698.0 42.59717289
1699.0 42.63370245
1700.0 42.67042594
1701.0 42.70732344
1702.0 42.74439210
1703.0 42.78163337
1704.0 42.81904870
1705.0 42.85663953
1706.0 42.89440730
1707.0 42.93235346
1708.0 42.97047944
1709.0 43.00878670
1710.0 43.04727667
1711.0 43.08595080
1712.0 43.12481053
1713.0 43.16385730
1714.0 43.20309256
1715.0 43.24251775
1716.0 43.28213432
1717.0 43.32194370
1718.0 43.36194734
1719.0 43.40214668
1720.0 43.44254318
1721.0 43.48313826
1722.0 43.52393337
1723.0 43.56492996
1724.0 43.60612947
1725.0 43.64753334
1726.0 43.68914302
1727.0 43.73095995
1728.0 43.77298557
1729.0 43.81522132
1730.0 43.85766865
1731.0 43.90032901
1732.0 43.94320383
1733.0 43.98629455
1734.0 44.02960263
1735.0 44.07312951
1736.0 44.11687662
1737.0 44.16084541
1738.0 44.20503732
1739.0 44.24945380
1740.0 44.29409630
1741.0 44.33896624
1742.0 44.38406509
1743.0 44.42939427
1744.0 44.47495523
1745.0 44.52074943
1746.0 44.56677829
1747.0 44.61304326
1748.0 44.65954579
1749.0 44.70628732
1750.0 44.75326929
1751.0 44.80049315
1752.0 44.84796034
1753.0 44.89567229
1754.0 44.94363047
1755.0 44.99183630
1756.0 45.04029123
1757.0 45.08899671
1758.0 45.13795417
1759.0 45.18716507
1760.0 45.23663084
1761.0 45.28635293
1762.0 45.33633277
1763.0 45.38657183
1764.0 45.43707152
1765.0 45.48783331
1766.0 45.53885864
1767.0 45.59014893
1768.0 45.64170565
1769.0 45.69353023
1770.0 45.74562412
1771.0 45.79798876
1772.0 45.85062559
1773.0 45.90353605
1774.0 45.95672160
1775.0 46.01018366
1776.0 46.06392370
1777.0 46.11794314
1778.0 46.17224343
1779.0 46.22682601
1780.0 46.28169234
1781.0 46.33684384
1782.0 46.39228197
1783.0 46.44800817
1784.0 46.50402388
1785.0 46.56033054
1786.0 46.61692960
1787.0 46.67382250
1788.0 46.73101069
1789.0 46.78849560
1790.0 46.84627868
1791.0 46.90436137
1792.0 46.96274512
1793.0 47.02143137
1794.0 47.08042156
1795.0 47.13971714
1796.0 47.19931955
1797.0 47.25923023
1798.0 47.31945062
1799.0 47.37998217
1800.0 47.44082633
1801.0 47.50198453
1802.0 47.56345822
1803.0 47.62524884
1804.0 47.68735784
1805.0 47.74978665
1806.0 47.81253672
1807.0 47.87560950
1808.0 47.93900643
1809.0 48.00272894
1810.0 48.06677849
1811.0 48.13115652
1812.0 48.19586447
1813.0 48.26090378
1814.0 48.32627589
1815.0 48.39198224
1816.0 48.45802421
1817.0 48.52440319
1818.0 48.59112056
1819.0 48.65817773
1820.0 48.72557608
1821.0 48.79331700
1822.0 48.86140188
1823.0 48.92983210
1824.0 48.99860906
1825.0 49.06773415
1826.0 49.13720876
1827.0 49.20703427
1828.0 49.27721208
1829.0 49.34774358
1830.0 49.41863015
1831.0 49.48987318
1832.0 49.56147407
1833.0 49.63343420
1834.0 49.70575497
1835.0 49.77843775
1836.0 49.85148395
1837.0 49.92489496
1838.0 49.99867215
1839.0 50.07281693
1840.0 50.14733067
1841.0 50.22221478
1842.0 50.29747063
1843.0 50.37309963
1844.0 50.44910315
1845.0 50.52548259
1846.0 50.60223934
1847.0 50.67937478
1848.0 50.75689032
1849.0 50.83478733
1850.0 50.91306720
1851.0 50.99173133
1852.0 51.07078111
1853.0 51.15021792
1854.0 51.23004316
1855.0 51.31025820
1856.0 51.39086446
1857.0 51.47186330
1858.0 51.55325613
1859.0 51.63504433
1860.0 51.71722929
1861.0 51.79981240
1862.0 51.88279505
1863.0 51.96617863
1864.0 52.04996453
1865.0 52.13415414
1866.0 52.21874885
1867.0 52.30375005
1868.0 52.38915913
1869.0 52.47497747
1870.0 52.56120647
1871.0 52.64784752
1872.0 52.73490200
1873.0 52.82237131
1874.0 52.91025683
1875.0 52.99855996
1876.0 53.08728208
1877.0 53.17642458
1878.0 53.26598886
1879.0 53.35597630
1880.0 53.44638830
1881.0 53.53722623
1882.0 53.62849150
1883.0 53.72018549
1884.0 53.81230958
1885.0 53.90486518
1886.0 53.99785367
1887.0 54.09127644
1888.0 54.18513487
1889.0 54.27943037
1890.0 54.37416431
1891.0 54.46933809
1892.0 54.56495310
1893.0 54.66101072
1894.0 54.75751235
1895.0 54.85445937
1896.0 54.95185318
1897.0 55.04969517
1898.0 55.14798671
1899.0 55.24672922
1900.0 55.34592406
1901.0 55.44557264
1902.0 55.54567634
1903.0 55.64623655
1904.0 55.74725467
1905.0 55.84873207
1906.0 55.95067016
1907.0 56.05307031
1908.0 56.15593393
1909.0 56.25926239
1910.0 56.36305709
1911.0 56.46731942
1912.0 56.57205077
1913.0 56.67725253
1914.0 56.78292608
1915.0 56.88907282
1916.0 56.99569414
1917.0 57.10279142
1918.0 57.21036605
1919.0 57.31841944
1920.0 57.42695295
1921.0 57.53596799
1922.0 57.64546594
1923.0 57.75544820
1924.0 57.86591614
1925.0 57.97687117
1926.0 58.08831467
1927.0 58.20024803
1928.0 58.31267270
1929.0 58.42559068
1930.0 58.53900438
1931.0 58.65291620
1932.0 58.76732855
1933.0 58.88224382
1934.0 58.99766441
1935.0 59.11359274
1936.0 59.23003120
1937.0 59.34698219
1938.0 59.46444812
1939.0 59.58243139
1940.0 59.70093440
1941.0 59.81995955
1942.0 59.93950925
1943.0 60.05958590
1944.0 60.18019190
1945.0 60.30132966
1946.0 60.42300157
1947.0 60.54521004
1948.0 60.66795747
1949.0 60.79124626
1950.0 60.91507882
1951.0 61.03945755
1952.0 61.16438484
1953.0 61.28986311
1954.0 61.41589476
1955.0 61.54248218
1956.0 61.66962779
1957.0 61.79733397
1958.0 61.92560314
1959.0 62.05443770
1960.0 62.18384005
1961.0 62.31381259
1962.0 62.44435772
1963.0 62.57547785
1964.0 62.70717538
1965.0 62.83945271
1966.0 62.97231225
1967.0 63.10575639
1968.0 63.23978754
1969.0 63.37440810
1970.0 63.50962048
1971.0 63.64542707
1972.0 63.78183028
1973.0 63.91883251
1974.0 64.05643616
1975.0 64.19464364
1976.0 64.33345735
1977.0 64.47287969
1978.0 64.61291306
1979.0 64.75355987
1980.0 64.89482251
1981.0 65.03670339
1982.0 65.17920492
1983.0 65.32232949
1984.0 65.46607951
1985.0 65.61045737
1986.0 65.75546549
1987.0 65.90110627
1988.0 66.04738210
1989.0 66.19429538
1990.0 66.34184854
1991.0 66.49004395
1992.0 66.63888403
1993.0 66.78837118
1994.0 66.93850780
1995.0 67.08929630
1996.0 67.24073907
1997.0 67.39283851
1998.0 67.54559704
1999.0 67.69901706
2000.0 67.85310095
2001.0 68.00785114
2002.0 68.16327002
2003.0 68.31935999
2004.0 68.47612345
2005.0 68.63356281
2006.0 68.79168047
2007.0 68.95047884
2008.0 69.10996030
2009.0 69.27012728
2010.0 69.43098216
2011.0 69.59252736
2012.0 69.75476527
2013.0 69.91769830
2014.0 70.08132885
2015.0 70.24565931
2016.0 70.41069211
2017.0 70.57642962
2018.0 70.74287427
2019.0 70.91002845
2020.0 71.07789456
2021.0 71.24647501
2022.0 71.41577219
2023.0 71.58578852
2024.0 71.75652639
2025.0 71.92798820
2026.0 72.10017637
2027.0 72.27309328
2028.0 72.44674134
2029.0 72.62112296
2030.0 72.79624054
2031.0 72.97209648
2032.0 73.14869318
2033.0 73.32603304
2034.0 73.50411847
2035.0 73.68295187
2036.0 73.86253565
2037.0 74.04287219
2038.0 74.22396392
2039.0 74.40581322
2040.0 74.58842250
2041.0 74.77179417
2042.0 74.95516584
2043.0 75.13853750
