# JWST NIRISS/SOSS GR700XD order 2 reference trace positions
# Authors: Tyler Baines, Nestor Espinoza
# email: tbaines@stsci.edu, nespinoza@stsci.edu
# Date Created (YYYY-MM-DD): 2024-03-22
# 
# Description: Reference model for order 1 trace positions at the commanded 
# positions angle of 245.7600 [deg] as well as the pivot point which the trace 
# will rotate about. This model will be used to predict the trace positions
# for a SOSS observation given the pupil wheel position angle for the GR700XD from the fits
# header keyword "PWCPOS". The pivot positions are given as the first row entry. 
# 
# History: Updated order 2 reference trace profile to fully support for order 2 (version 002). 
# 
# x_c=1677.0, y_c=200.0 
# x, y, pix, pix
# 
1677.0 200.00000000
0.0 104.42861867
1.0 104.40606702
2.0 104.38347216
3.0 104.36083464
4.0 104.33815503
5.0 104.31543391
6.0 104.29267183
7.0 104.26986935
8.0 104.24702703
9.0 104.22414543
10.0 104.20122511
11.0 104.17826662
12.0 104.15527050
13.0 104.13223732
14.0 104.10916761
15.0 104.08606193
16.0 104.06292082
17.0 104.03974481
18.0 104.01653446
19.0 103.99329030
20.0 103.97001286
21.0 103.94670268
22.0 103.92336030
23.0 103.89998624
24.0 103.87658104
25.0 103.85314522
26.0 103.82967930
27.0 103.80618382
28.0 103.78265929
29.0 103.75910624
30.0 103.73552517
31.0 103.71191662
32.0 103.68828108
33.0 103.66461909
34.0 103.64093114
35.0 103.61721775
36.0 103.59347942
37.0 103.56971666
38.0 103.54592997
39.0 103.52211986
40.0 103.49828682
41.0 103.47443136
42.0 103.45055397
43.0 103.42665515
44.0 103.40273539
45.0 103.37879517
46.0 103.35483500
47.0 103.33085536
48.0 103.30685673
49.0 103.28283960
50.0 103.25880445
51.0 103.23475176
52.0 103.21068202
53.0 103.18659569
54.0 103.16249326
55.0 103.13837520
56.0 103.11424198
57.0 103.09009407
58.0 103.06593194
59.0 103.04175606
60.0 103.01756689
61.0 102.99336490
62.0 102.96915054
63.0 102.94492428
64.0 102.92068658
65.0 102.89643790
66.0 102.87217868
67.0 102.84790938
68.0 102.82363046
69.0 102.79934236
70.0 102.77504553
71.0 102.75074042
72.0 102.72642747
73.0 102.70210714
74.0 102.67777985
75.0 102.65344604
76.0 102.62910617
77.0 102.60476065
78.0 102.58040994
79.0 102.55605446
80.0 102.53169464
81.0 102.50733091
82.0 102.48296371
83.0 102.45859345
84.0 102.43422057
85.0 102.40984548
86.0 102.38546862
87.0 102.36109039
88.0 102.33671122
89.0 102.31233152
90.0 102.28795172
91.0 102.26357221
92.0 102.23919343
93.0 102.21481577
94.0 102.19043964
95.0 102.16606546
96.0 102.14169363
97.0 102.11732454
98.0 102.09295862
99.0 102.06859625
100.0 102.04423783
101.0 102.01988377
102.0 101.99553446
103.0 101.97119029
104.0 101.94685166
105.0 101.92251895
106.0 101.89819257
107.0 101.87387289
108.0 101.84956031
109.0 101.82525521
110.0 101.80095797
111.0 101.77666897
112.0 101.75238860
113.0 101.72811724
114.0 101.70385525
115.0 101.67960303
116.0 101.65536094
117.0 101.63112936
118.0 101.60690865
119.0 101.58269919
120.0 101.55850135
121.0 101.53431549
122.0 101.51014198
123.0 101.48598119
124.0 101.46183346
125.0 101.43769918
126.0 101.41357869
127.0 101.38947235
128.0 101.36538052
129.0 101.34130356
130.0 101.31724182
131.0 101.29319565
132.0 101.26916540
133.0 101.24515141
134.0 101.22115405
135.0 101.19717365
136.0 101.17321056
137.0 101.14926512
138.0 101.12533768
139.0 101.10142857
140.0 101.07753814
141.0 101.05366671
142.0 101.02981463
143.0 101.00598223
144.0 100.98216985
145.0 100.95837782
146.0 100.93460646
147.0 100.91085610
148.0 100.88712708
149.0 100.86341972
150.0 100.83973434
151.0 100.81607127
152.0 100.79243083
153.0 100.76881334
154.0 100.74521911
155.0 100.72164848
156.0 100.69810174
157.0 100.67457923
158.0 100.65108124
159.0 100.62760809
160.0 100.60416010
161.0 100.58073758
162.0 100.55734082
163.0 100.53397014
164.0 100.51062585
165.0 100.48730824
166.0 100.46401762
167.0 100.44075430
168.0 100.41751856
169.0 100.39431071
170.0 100.37113105
171.0 100.34797987
172.0 100.32485747
173.0 100.30176414
174.0 100.27870016
175.0 100.25566584
176.0 100.23266147
177.0 100.20968732
178.0 100.18674369
179.0 100.16383085
180.0 100.14094911
181.0 100.11809873
182.0 100.09528000
183.0 100.07249320
184.0 100.04973860
185.0 100.02701649
186.0 100.00432715
187.0 99.98167084
188.0 99.95904784
189.0 99.93645842
190.0 99.91390285
191.0 99.89138141
192.0 99.86889436
193.0 99.84644196
194.0 99.82402450
195.0 99.80164222
196.0 99.77929539
197.0 99.75698428
198.0 99.73470915
199.0 99.71247025
200.0 99.69026784
201.0 99.66810219
202.0 99.64597355
203.0 99.62388216
204.0 99.60182830
205.0 99.57981220
206.0 99.55783412
207.0 99.53589431
208.0 99.51399302
209.0 99.49213049
210.0 99.47030698
211.0 99.44852272
212.0 99.42677796
213.0 99.40507295
214.0 99.38340792
215.0 99.36178312
216.0 99.34019878
217.0 99.31865514
218.0 99.29715245
219.0 99.27569092
220.0 99.25427081
221.0 99.23289234
222.0 99.21155574
223.0 99.19026125
224.0 99.16900910
225.0 99.14779950
226.0 99.12663270
227.0 99.10550892
228.0 99.08442838
229.0 99.06339130
230.0 99.04239792
231.0 99.02144845
232.0 99.00054310
233.0 98.97968211
234.0 98.95886569
235.0 98.93809406
236.0 98.91736743
237.0 98.89668602
238.0 98.87605004
239.0 98.85545970
240.0 98.83491523
241.0 98.81441682
242.0 98.79396468
243.0 98.77355903
244.0 98.75320008
245.0 98.73288802
246.0 98.71262307
247.0 98.69240542
248.0 98.67223529
249.0 98.65211287
250.0 98.63203836
251.0 98.61201196
252.0 98.59203388
253.0 98.57210431
254.0 98.55222345
255.0 98.53239148
256.0 98.51260862
257.0 98.49287504
258.0 98.47319095
259.0 98.45355653
260.0 98.43397197
261.0 98.41443747
262.0 98.39495321
263.0 98.37551938
264.0 98.35613617
265.0 98.33680375
266.0 98.31752232
267.0 98.29829206
268.0 98.27911315
269.0 98.25998577
270.0 98.24091011
271.0 98.22188633
272.0 98.20291462
273.0 98.18399516
274.0 98.16512813
275.0 98.14631369
276.0 98.12755202
277.0 98.10884330
278.0 98.09018769
279.0 98.07158538
280.0 98.05303652
281.0 98.03454130
282.0 98.01609987
283.0 97.99771240
284.0 97.97937907
285.0 97.96110003
286.0 97.94287546
287.0 97.92470551
288.0 97.90659035
289.0 97.88853014
290.0 97.87052504
291.0 97.85257521
292.0 97.83468081
293.0 97.81684200
294.0 97.79905894
295.0 97.78133177
296.0 97.76366066
297.0 97.74604577
298.0 97.72848724
299.0 97.71098523
300.0 97.69353988
301.0 97.67615136
302.0 97.65881981
303.0 97.64154537
304.0 97.62432821
305.0 97.60716846
306.0 97.59006627
307.0 97.57302179
308.0 97.55603516
309.0 97.53910652
310.0 97.52223602
311.0 97.50542381
312.0 97.48867001
313.0 97.47197478
314.0 97.45533825
315.0 97.43876056
316.0 97.42224185
317.0 97.40578226
318.0 97.38938191
319.0 97.37304096
320.0 97.35675952
321.0 97.34053774
322.0 97.32437575
323.0 97.30827368
324.0 97.29223166
325.0 97.27624982
326.0 97.26032829
327.0 97.24446721
328.0 97.22866669
329.0 97.21292687
330.0 97.19724786
331.0 97.18162981
332.0 97.16607283
333.0 97.15057704
334.0 97.13514258
335.0 97.11976956
336.0 97.10445810
337.0 97.08920832
338.0 97.07402035
339.0 97.05889431
340.0 97.04383031
341.0 97.02882847
342.0 97.01388890
343.0 96.99901174
344.0 96.98419708
345.0 96.96944505
346.0 96.95475575
347.0 96.94012931
348.0 96.92556583
349.0 96.91106544
350.0 96.89662823
351.0 96.88225431
352.0 96.86794381
353.0 96.85369683
354.0 96.83951347
355.0 96.82539384
356.0 96.81133806
357.0 96.79734622
358.0 96.78341844
359.0 96.76955481
360.0 96.75575544
361.0 96.74202044
362.0 96.72834991
363.0 96.71474394
364.0 96.70120265
365.0 96.68772613
366.0 96.67431448
367.0 96.66096780
368.0 96.64768619
369.0 96.63446975
370.0 96.62131858
371.0 96.60823276
372.0 96.59521241
373.0 96.58225761
374.0 96.56936846
375.0 96.55654505
376.0 96.54378747
377.0 96.53109583
378.0 96.51847021
379.0 96.50591070
380.0 96.49341739
381.0 96.48099038
382.0 96.46862975
383.0 96.45633559
384.0 96.44410800
385.0 96.43194706
386.0 96.41985285
387.0 96.40782547
388.0 96.39586500
389.0 96.38397152
390.0 96.37214512
391.0 96.36038589
392.0 96.34869390
393.0 96.33706925
394.0 96.32551201
395.0 96.31402227
396.0 96.30260010
397.0 96.29124559
398.0 96.27995883
399.0 96.26873988
400.0 96.25758882
401.0 96.24650575
402.0 96.23549073
403.0 96.22454384
404.0 96.21366516
405.0 96.20285477
406.0 96.19211274
407.0 96.18143914
408.0 96.17083406
409.0 96.16029756
410.0 96.14982973
411.0 96.13943062
412.0 96.12910033
413.0 96.11883891
414.0 96.10864644
415.0 96.09852300
416.0 96.08846864
417.0 96.07848345
418.0 96.06856749
419.0 96.05872084
420.0 96.04894355
421.0 96.03923571
422.0 96.02959737
423.0 96.02002860
424.0 96.01052947
425.0 96.00110006
426.0 95.99174041
427.0 95.98245061
428.0 95.97323071
429.0 95.96408077
430.0 95.95500087
431.0 95.94599107
432.0 95.93705143
433.0 95.92818200
434.0 95.91938287
435.0 95.91065407
436.0 95.90199569
437.0 95.89340778
438.0 95.88489039
439.0 95.87644360
440.0 95.86806745
441.0 95.85976201
442.0 95.85152735
443.0 95.84336350
444.0 95.83527055
445.0 95.82724853
446.0 95.81929751
447.0 95.81141755
448.0 95.80360871
449.0 95.79587103
450.0 95.78820458
451.0 95.78060940
452.0 95.77308556
453.0 95.76563312
454.0 95.75825211
455.0 95.75094261
456.0 95.74370465
457.0 95.73653830
458.0 95.72944361
459.0 95.72242063
460.0 95.71546941
461.0 95.70859000
462.0 95.70178246
463.0 95.69504683
464.0 95.68838317
465.0 95.68179153
466.0 95.67527196
467.0 95.66882450
468.0 95.66244921
469.0 95.65614613
470.0 95.64991532
471.0 95.64375682
472.0 95.63767068
473.0 95.63165695
474.0 95.62571568
475.0 95.61984691
476.0 95.61405069
477.0 95.60832707
478.0 95.60267609
479.0 95.59709780
480.0 95.59159224
481.0 95.58615947
482.0 95.58079952
483.0 95.57551244
484.0 95.57029828
485.0 95.56515708
486.0 95.56008888
487.0 95.55509373
488.0 95.55017167
489.0 95.54532274
490.0 95.54054700
491.0 95.53584447
492.0 95.53121521
493.0 95.52665926
494.0 95.52217665
495.0 95.51776743
496.0 95.51343165
497.0 95.50916934
498.0 95.50498054
499.0 95.50086530
500.0 95.49682366
501.0 95.49285565
502.0 95.48896132
503.0 95.48514071
504.0 95.48139385
505.0 95.47772079
506.0 95.47412157
507.0 95.47059623
508.0 95.46714480
509.0 95.46376733
510.0 95.46046385
511.0 95.45723441
512.0 95.45407903
513.0 95.45099777
514.0 95.44799065
515.0 95.44505772
516.0 95.44219901
517.0 95.43941456
518.0 95.43670441
519.0 95.43406860
520.0 95.43150716
521.0 95.42902013
522.0 95.42660755
523.0 95.42426945
524.0 95.42200587
525.0 95.41981685
526.0 95.41770243
527.0 95.41566264
528.0 95.41369751
529.0 95.41180708
530.0 95.40999140
531.0 95.40825048
532.0 95.40658438
533.0 95.40499313
534.0 95.40347675
535.0 95.40203530
536.0 95.40066879
537.0 95.39937727
538.0 95.39816078
539.0 95.39701934
540.0 95.39595300
541.0 95.39496179
542.0 95.39404573
543.0 95.39320488
544.0 95.39243926
545.0 95.39174890
546.0 95.39113385
547.0 95.39059413
548.0 95.39012979
549.0 95.38974085
550.0 95.38942735
551.0 95.38918933
552.0 95.38902681
553.0 95.38893984
554.0 95.38892844
555.0 95.38899266
556.0 95.38913252
557.0 95.38934806
558.0 95.38963932
559.0 95.39000633
560.0 95.39044911
561.0 95.39096772
562.0 95.39156218
563.0 95.39223252
564.0 95.39297878
565.0 95.39380100
566.0 95.39469920
567.0 95.39567343
568.0 95.39672371
569.0 95.39785009
570.0 95.39905259
571.0 95.40033125
572.0 95.40168610
573.0 95.40311718
574.0 95.40462453
575.0 95.40620817
576.0 95.40786814
577.0 95.40960448
578.0 95.41141722
579.0 95.41330640
580.0 95.41527204
581.0 95.41731419
582.0 95.41943289
583.0 95.42162815
584.0 95.42390003
585.0 95.42624855
586.0 95.42867375
587.0 95.43117567
588.0 95.43375433
589.0 95.43640979
590.0 95.43914206
591.0 95.44195119
592.0 95.44483722
593.0 95.44780017
594.0 95.45084009
595.0 95.45395701
596.0 95.45715096
597.0 95.46042199
598.0 95.46377013
599.0 95.46719541
600.0 95.47069788
601.0 95.47427756
602.0 95.47793451
603.0 95.48166874
604.0 95.48548031
605.0 95.48936924
606.0 95.49333558
607.0 95.49737936
608.0 95.50150062
609.0 95.50569940
610.0 95.50997573
611.0 95.51432966
612.0 95.51876123
613.0 95.52327046
614.0 95.52785741
615.0 95.53252210
616.0 95.53726459
617.0 95.54208490
618.0 95.54698308
619.0 95.55195916
620.0 95.55701319
621.0 95.56214521
622.0 95.56735526
623.0 95.57264337
624.0 95.57800960
625.0 95.58345397
626.0 95.58897653
627.0 95.59457733
628.0 95.60025639
629.0 95.60601378
630.0 95.61184952
631.0 95.61776366
632.0 95.62375624
633.0 95.62982730
634.0 95.63597690
635.0 95.64220506
636.0 95.64851184
637.0 95.65489728
638.0 95.66136142
639.0 95.66790430
640.0 95.67452598
641.0 95.68122649
642.0 95.68800588
643.0 95.69486420
644.0 95.70180149
645.0 95.70881780
646.0 95.71591317
647.0 95.72308765
648.0 95.73034128
649.0 95.73767412
650.0 95.74508622
651.0 95.75257761
652.0 95.76014834
653.0 95.76779848
654.0 95.77552805
655.0 95.78333712
656.0 95.79122573
657.0 95.79919393
658.0 95.80724177
659.0 95.81536930
660.0 95.82357657
661.0 95.83186364
662.0 95.84023055
663.0 95.84867735
664.0 95.85720410
665.0 95.86581085
666.0 95.87449766
667.0 95.88326456
668.0 95.89211163
669.0 95.90103890
670.0 95.91004644
671.0 95.91913430
672.0 95.92830254
673.0 95.93755121
674.0 95.94688036
675.0 95.95629005
676.0 95.96578034
677.0 95.97535128
678.0 95.98500293
679.0 95.99473536
680.0 96.00454861
681.0 96.01444274
682.0 96.02441782
683.0 96.03447390
684.0 96.04461104
685.0 96.05482930
686.0 96.06512875
687.0 96.07550943
688.0 96.08597143
689.0 96.09651478
690.0 96.10713957
691.0 96.11784585
692.0 96.12863368
693.0 96.13950312
694.0 96.15045425
695.0 96.16148712
696.0 96.17260180
697.0 96.18379835
698.0 96.19507685
699.0 96.20643735
700.0 96.21787992
701.0 96.22940463
702.0 96.24101155
703.0 96.25270075
704.0 96.26447229
705.0 96.27632624
706.0 96.28826268
707.0 96.30028167
708.0 96.31238328
709.0 96.32456758
710.0 96.33683465
711.0 96.34918456
712.0 96.36161738
713.0 96.37413318
714.0 96.38673203
715.0 96.39941402
716.0 96.41217921
717.0 96.42502767
718.0 96.43795950
719.0 96.45097476
720.0 96.46407352
721.0 96.47725587
722.0 96.49052188
723.0 96.50387164
724.0 96.51730521
725.0 96.53082269
726.0 96.54442414
727.0 96.55810965
728.0 96.57187931
729.0 96.58573319
730.0 96.59967137
731.0 96.61369394
732.0 96.62780099
733.0 96.64199258
734.0 96.65626882
735.0 96.67062978
736.0 96.68507556
737.0 96.69960623
738.0 96.71422188
739.0 96.72892261
740.0 96.74370850
741.0 96.75857963
742.0 96.77353610
743.0 96.78857800
744.0 96.80370542
745.0 96.81891845
746.0 96.83421717
747.0 96.84960170
748.0 96.86507211
749.0 96.88062850
750.0 96.89627096
751.0 96.91199960
752.0 96.92781450
753.0 96.94371576
754.0 96.95970348
755.0 96.97577776
756.0 96.99193869
757.0 97.00818638
758.0 97.02452092
759.0 97.04094241
760.0 97.05745096
761.0 97.07404666
762.0 97.09072963
763.0 97.10749995
764.0 97.12435774
765.0 97.14130310
766.0 97.15833614
767.0 97.17545695
768.0 97.19266565
769.0 97.20996235
770.0 97.22734715
771.0 97.24482016
772.0 97.26238148
773.0 97.28003124
774.0 97.29776954
775.0 97.31559649
776.0 97.33351221
777.0 97.35151680
778.0 97.36961039
779.0 97.38779308
780.0 97.40606499
781.0 97.42442623
782.0 97.44287693
783.0 97.46141720
784.0 97.48004716
785.0 97.49876692
786.0 97.51757662
787.0 97.53647636
788.0 97.55546627
789.0 97.57454647
790.0 97.59371708
791.0 97.61297823
792.0 97.63233005
793.0 97.65177265
794.0 97.67130616
795.0 97.69093071
796.0 97.71064642
797.0 97.73045344
798.0 97.75035187
799.0 97.77034186
800.0 97.79042354
801.0 97.81059703
802.0 97.83086247
803.0 97.85121999
804.0 97.87166973
805.0 97.89221181
806.0 97.91284638
807.0 97.93357358
808.0 97.95439354
809.0 97.97530639
810.0 97.99631228
811.0 98.01741135
812.0 98.03860373
813.0 98.05988958
814.0 98.08126902
815.0 98.10274221
816.0 98.12430929
817.0 98.14597040
818.0 98.16772570
819.0 98.18957532
820.0 98.21151941
821.0 98.23355813
822.0 98.25569161
823.0 98.27792003
824.0 98.30024351
825.0 98.32266222
826.0 98.34517631
827.0 98.36778593
828.0 98.39049124
829.0 98.41329239
830.0 98.43618954
831.0 98.45918285
832.0 98.48227248
833.0 98.50545858
834.0 98.52874131
835.0 98.55212084
836.0 98.57559733
837.0 98.59917094
838.0 98.62284184
839.0 98.64661019
840.0 98.67047615
841.0 98.69443990
842.0 98.71850160
843.0 98.74266142
844.0 98.76691953
845.0 98.79127610
846.0 98.81573131
847.0 98.84028532
848.0 98.86493830
849.0 98.88969044
850.0 98.91454191
851.0 98.93949289
852.0 98.96454354
853.0 98.98969406
854.0 99.01494462
855.0 99.04029540
856.0 99.06574659
857.0 99.09129836
858.0 99.11695090
859.0 99.14270439
860.0 99.16855902
861.0 99.19451498
862.0 99.22057246
863.0 99.24673163
864.0 99.27299270
865.0 99.29935585
866.0 99.32582127
867.0 99.35238916
868.0 99.37905971
869.0 99.40583312
870.0 99.43270958
871.0 99.45968929
872.0 99.48677245
873.0 99.51395925
874.0 99.54124990
875.0 99.56864459
876.0 99.59614354
877.0 99.62374694
878.0 99.65145499
879.0 99.67926791
880.0 99.70718590
881.0 99.73520917
882.0 99.76333792
883.0 99.79157237
884.0 99.81991272
885.0 99.84835919
886.0 99.87691200
887.0 99.90557135
888.0 99.93433747
889.0 99.96321056
890.0 99.99219085
891.0 100.02127856
892.0 100.05047390
893.0 100.07977709
894.0 100.10918837
895.0 100.13870794
896.0 100.16833604
897.0 100.19807289
898.0 100.22791872
899.0 100.25787376
900.0 100.28793823
901.0 100.31811236
902.0 100.34839639
903.0 100.37879055
904.0 100.40929508
905.0 100.43991020
906.0 100.47063615
907.0 100.50147317
908.0 100.53242150
909.0 100.56348138
910.0 100.59465305
911.0 100.62593675
912.0 100.65733273
913.0 100.68884122
914.0 100.72046248
915.0 100.75219674
916.0 100.78404427
917.0 100.81600530
918.0 100.84808009
919.0 100.88026889
920.0 100.91257196
921.0 100.94498953
922.0 100.97752188
923.0 101.01016926
924.0 101.04293192
925.0 101.07581013
926.0 101.10880414
927.0 101.14191422
928.0 101.17514063
929.0 101.20848363
930.0 101.24194348
931.0 101.27552046
932.0 101.30921484
933.0 101.34302687
934.0 101.37695683
935.0 101.41100500
936.0 101.44517164
937.0 101.47945703
938.0 101.51386145
939.0 101.54838517
940.0 101.58302846
941.0 101.61779162
942.0 101.65267491
943.0 101.68767862
944.0 101.72280304
945.0 101.75804845
946.0 101.79341513
947.0 101.82890337
948.0 101.86451345
949.0 101.90024568
950.0 101.93610034
951.0 101.97207772
952.0 102.00817811
953.0 102.04440182
954.0 102.08074913
955.0 102.11722034
956.0 102.15381576
957.0 102.19053569
958.0 102.22738042
959.0 102.26435025
960.0 102.30144550
961.0 102.33866647
962.0 102.37601347
963.0 102.41348680
964.0 102.45108677
965.0 102.48881370
966.0 102.52666789
967.0 102.56464967
968.0 102.60275935
969.0 102.64099723
970.0 102.67936366
971.0 102.71785893
972.0 102.75648337
973.0 102.79523731
974.0 102.83412107
975.0 102.87313498
976.0 102.91227935
977.0 102.95155452
978.0 102.99096082
979.0 103.03049858
980.0 103.07016813
981.0 103.10996980
982.0 103.14990394
983.0 103.18997087
984.0 103.23017093
985.0 103.27050447
986.0 103.31097182
987.0 103.35157333
988.0 103.39230934
989.0 103.43318019
990.0 103.47418624
991.0 103.51532783
992.0 103.55660531
993.0 103.59801903
994.0 103.63956934
995.0 103.68125661
996.0 103.72308117
997.0 103.76504340
998.0 103.80714364
999.0 103.84938227
1000.0 103.89175963
1001.0 103.93427610
1002.0 103.97693204
1003.0 104.01972781
1004.0 104.06266378
1005.0 104.10574032
1006.0 104.14895780
1007.0 104.19231660
1008.0 104.23581708
1009.0 104.27945963
1010.0 104.32324461
1011.0 104.36717241
1012.0 104.41124340
1013.0 104.45545797
1014.0 104.49981650
1015.0 104.54431938
1016.0 104.58896698
1017.0 104.63375971
1018.0 104.67869794
1019.0 104.72378206
1020.0 104.76901248
1021.0 104.81438958
1022.0 104.85991375
1023.0 104.90558540
1024.0 104.95140493
1025.0 104.99737272
1026.0 105.04348919
1027.0 105.08975474
1028.0 105.13616977
1029.0 105.18273469
1030.0 105.22944991
1031.0 105.27631583
1032.0 105.32333286
1033.0 105.37050143
1034.0 105.41782194
1035.0 105.46529481
1036.0 105.51292046
1037.0 105.56069931
1038.0 105.60863177
1039.0 105.65671827
1040.0 105.70495924
1041.0 105.75335509
1042.0 105.80190627
1043.0 105.85061318
1044.0 105.89947628
1045.0 105.94849598
1046.0 105.99767272
1047.0 106.04700695
1048.0 106.09649908
1049.0 106.14614957
1050.0 106.19595886
1051.0 106.24592738
1052.0 106.29605559
1053.0 106.34634391
1054.0 106.39679282
1055.0 106.44740274
1056.0 106.49817414
1057.0 106.54910746
1058.0 106.60020316
1059.0 106.65146170
1060.0 106.70288353
1061.0 106.75446910
1062.0 106.80621890
1063.0 106.85813336
1064.0 106.91021296
1065.0 106.96245817
1066.0 107.01486945
1067.0 107.06744727
1068.0 107.12019211
1069.0 107.17310443
1070.0 107.22618471
1071.0 107.27943342
1072.0 107.33285105
1073.0 107.38643807
1074.0 107.44019497
1075.0 107.49412223
1076.0 107.54822033
1077.0 107.60248976
1078.0 107.65693101
1079.0 107.71154457
1080.0 107.76633093
1081.0 107.82129059
1082.0 107.87642403
1083.0 107.93173177
1084.0 107.98721429
1085.0 108.04287210
1086.0 108.09870570
1087.0 108.15471559
1088.0 108.21090229
1089.0 108.26726630
1090.0 108.32380812
1091.0 108.38052828
1092.0 108.43742729
1093.0 108.49450565
1094.0 108.55176389
1095.0 108.60920253
1096.0 108.66682208
1097.0 108.72462308
1098.0 108.78260604
1099.0 108.84077148
1100.0 108.89911995
1101.0 108.95765197
1102.0 109.01636807
1103.0 109.07526878
1104.0 109.13435464
1105.0 109.19362619
1106.0 109.25308396
1107.0 109.31272850
1108.0 109.37256035
1109.0 109.43258006
1110.0 109.49278817
1111.0 109.55318522
1112.0 109.61377178
1113.0 109.67454839
1114.0 109.73551561
1115.0 109.79667399
1116.0 109.85802410
1117.0 109.91956648
1118.0 109.98130170
1119.0 110.04323034
1120.0 110.10535294
1121.0 110.16767008
1122.0 110.23018233
1123.0 110.29289026
1124.0 110.35579445
1125.0 110.41889546
1126.0 110.48219388
1127.0 110.54569028
1128.0 110.60938524
1129.0 110.67327936
1130.0 110.73737321
1131.0 110.80166737
1132.0 110.86616245
1133.0 110.93085902
1134.0 110.99575768
1135.0 111.06085903
1136.0 111.12616367
1137.0 111.19167218
1138.0 111.25738517
1139.0 111.32330325
1140.0 111.38942701
1141.0 111.45575707
1142.0 111.52229403
1143.0 111.58903851
1144.0 111.65599110
1145.0 111.72315244
1146.0 111.79052314
1147.0 111.85810380
1148.0 111.92589506
1149.0 111.99389754
1150.0 112.06211186
1151.0 112.13053864
1152.0 112.19917852
1153.0 112.26803212
1154.0 112.33710008
1155.0 112.40638303
1156.0 112.47588161
1157.0 112.54559646
1158.0 112.61552822
1159.0 112.68567752
1160.0 112.75604502
1161.0 112.82663135
1162.0 112.89743718
1163.0 112.96846315
1164.0 113.03970991
1165.0 113.11117811
1166.0 113.18286842
1167.0 113.25478150
1168.0 113.32691799
1169.0 113.39927858
1170.0 113.47186391
1171.0 113.54467467
1172.0 113.61771151
1173.0 113.69097511
1174.0 113.76446615
1175.0 113.83818529
1176.0 113.91213323
1177.0 113.98631062
1178.0 114.06071817
1179.0 114.13535654
1180.0 114.21022644
1181.0 114.28532854
1182.0 114.36066353
1183.0 114.43623212
1184.0 114.51203498
1185.0 114.58807283
1186.0 114.66434636
1187.0 114.74085626
1188.0 114.81760325
1189.0 114.89458802
1190.0 114.97181129
1191.0 115.04927377
1192.0 115.12697616
1193.0 115.20491918
1194.0 115.28310354
1195.0 115.36152997
1196.0 115.44019918
1197.0 115.51911190
1198.0 115.59826885
1199.0 115.67767075
1200.0 115.75731835
1201.0 115.83721236
1202.0 115.91735352
1203.0 115.99774257
1204.0 116.07838024
1205.0 116.15926727
1206.0 116.24040442
1207.0 116.32179241
1208.0 116.40343200
1209.0 116.48532393
1210.0 116.56746896
1211.0 116.64986784
1212.0 116.73252132
1213.0 116.81543017
1214.0 116.89859514
1215.0 116.98201699
1216.0 117.06569649
1217.0 117.14963440
1218.0 117.23383150
1219.0 117.31828856
1220.0 117.40300634
1221.0 117.48798562
1222.0 117.57322718
1223.0 117.65873181
1224.0 117.74450027
1225.0 117.83053337
1226.0 117.91683188
1227.0 118.00339659
1228.0 118.09022829
1229.0 118.17732778
1230.0 118.26469586
1231.0 118.35233332
1232.0 118.44024096
1233.0 118.52841959
1234.0 118.61687000
1235.0 118.70559301
1236.0 118.79458943
1237.0 118.88386007
1238.0 118.97340574
1239.0 119.06322726
1240.0 119.15332545
1241.0 119.24370112
1242.0 119.33435511
1243.0 119.42528824
1244.0 119.51650134
1245.0 119.60799523
1246.0 119.69977075
1247.0 119.79182873
1248.0 119.88417002
1249.0 119.97679545
1250.0 120.06970587
1251.0 120.16290211
1252.0 120.25638503
1253.0 120.35015547
1254.0 120.44421429
1255.0 120.53856235
1256.0 120.63320048
1257.0 120.72812957
1258.0 120.82335045
1259.0 120.91886401
1260.0 121.01467111
1261.0 121.11077261
1262.0 121.20716938
1263.0 121.30386230
1264.0 121.40085224
1265.0 121.49814009
1266.0 121.59572671
1267.0 121.69361300
1268.0 121.79179983
1269.0 121.89028810
1270.0 121.98907870
1271.0 122.08817252
1272.0 122.18757044
1273.0 122.28727338
1274.0 122.38728223
1275.0 122.48759788
1276.0 122.58822126
1277.0 122.68915325
1278.0 122.79039478
1279.0 122.89194675
1280.0 122.99381007
1281.0 123.09598567
1282.0 123.19847447
1283.0 123.30127738
1284.0 123.40439532
1285.0 123.50782924
1286.0 123.61158004
1287.0 123.71564867
1288.0 123.82003607
1289.0 123.92474315
1290.0 124.02977088
1291.0 124.13512017
1292.0 124.24079199
1293.0 124.34678728
1294.0 124.45310698
1295.0 124.55975204
1296.0 124.66672343
1297.0 124.77402209
1298.0 124.88164899
1299.0 124.98960509
1300.0 125.09789134
1301.0 125.20650873
1302.0 125.31545821
1303.0 125.42474076
1304.0 125.53435735
1305.0 125.64430895
1306.0 125.75459656
1307.0 125.86522114
1308.0 125.97618369
1309.0 126.08748519
1310.0 126.19912663
1311.0 126.31110899
1312.0 126.42343329
1313.0 126.53610050
1314.0 126.64911164
1315.0 126.76246770
1316.0 126.87616969
1317.0 126.99021862
1318.0 127.10461549
1319.0 127.21936132
1320.0 127.33445712
1321.0 127.44990392
1322.0 127.56570272
1323.0 127.68185456
1324.0 127.79836046
1325.0 127.91522145
1326.0 128.03243855
1327.0 128.15001280
1328.0 128.26794524
1329.0 128.38623691
1330.0 128.50488884
1331.0 128.62390209
1332.0 128.74327769
1333.0 128.86301669
1334.0 128.98312015
1335.0 129.10358912
1336.0 129.22442466
1337.0 129.34562783
1338.0 129.46719969
1339.0 129.58914130
1340.0 129.71145373
1341.0 129.83413806
1342.0 129.95719535
1343.0 130.08062668
1344.0 130.20443313
1345.0 130.32861577
1346.0 130.45317570
1347.0 130.57811400
1348.0 130.70343176
1349.0 130.82913007
1350.0 130.95521002
1351.0 131.08167271
1352.0 131.20851923
1353.0 131.33575071
1354.0 131.46336823
1355.0 131.59137290
1356.0 131.71976584
1357.0 131.84854816
1358.0 131.97772097
1359.0 132.10728539
1360.0 132.23724255
1361.0 132.36759357
1362.0 132.49833957
1363.0 132.62948168
1364.0 132.76102105
1365.0 132.89295879
1366.0 133.02529606
1367.0 133.15803398
1368.0 133.29117371
1369.0 133.42471638
1370.0 133.55866315
1371.0 133.69301518
1372.0 133.82777360
1373.0 133.96293959
1374.0 134.09851429
1375.0 134.23449888
1376.0 134.37089452
1377.0 134.50770237
1378.0 134.64492362
1379.0 134.78255942
1380.0 134.92061096
1381.0 135.05907941
1382.0 135.19796597
1383.0 135.33727180
1384.0 135.47699811
1385.0 135.61714608
1386.0 135.75771691
1387.0 135.89871179
1388.0 136.04013192
1389.0 136.18197850
1390.0 136.32425273
1391.0 136.46695583
1392.0 136.61008901
1393.0 136.75365347
1394.0 136.89765044
1395.0 137.04208113
1396.0 137.18694676
1397.0 137.33224856
1398.0 137.47798775
1399.0 137.62416557
1400.0 137.77078325
1401.0 137.91784203
1402.0 138.06534314
1403.0 138.21328782
1404.0 138.36167733
1405.0 138.51051290
1406.0 138.65979579
1407.0 138.80952725
1408.0 138.95970853
1409.0 139.11034090
1410.0 139.26142562
1411.0 139.41296395
1412.0 139.56495717
1413.0 139.71740653
1414.0 139.87031331
1415.0 140.02367880
1416.0 140.17750427
1417.0 140.33179099
1418.0 140.48654027
1419.0 140.64175338
1420.0 140.79743161
1421.0 140.95357627
1422.0 141.11018864
1423.0 141.26727003
1424.0 141.42482174
1425.0 141.58284507
1426.0 141.74134134
1427.0 141.90031185
1428.0 142.05975793
1429.0 142.21968088
1430.0 142.38008202
1431.0 142.54096269
1432.0 142.70232421
1433.0 142.86416790
1434.0 143.02649510
1435.0 143.18930715
1436.0 143.35260538
1437.0 143.51639113
1438.0 143.68066576
1439.0 143.84543060
1440.0 144.01068700
1441.0 144.17643632
1442.0 144.34267992
1443.0 144.50941916
1444.0 144.67665539
1445.0 144.84438999
1446.0 145.01262431
1447.0 145.18135974
1448.0 145.35059765
1449.0 145.52033940
1450.0 145.69058640
1451.0 145.86134001
1452.0 146.03260163
1453.0 146.20437264
1454.0 146.37665443
1455.0 146.54944841
1456.0 146.72275598
1457.0 146.89657852
1458.0 147.07091745
1459.0 147.24577418
1460.0 147.42115011
1461.0 147.59704667
1462.0 147.77346526
1463.0 147.95040731
1464.0 148.12787424
1465.0 148.30586748
1466.0 148.48438845
1467.0 148.66343860
1468.0 148.84301934
1469.0 149.02313214
1470.0 149.20377842
1471.0 149.38495962
1472.0 149.56667721
1473.0 149.74893263
1474.0 149.93172733
1475.0 150.11506277
1476.0 150.29894041
1477.0 150.48336172
1478.0 150.66832816
1479.0 150.85384120
1480.0 151.03990231
1481.0 151.22651298
1482.0 151.41367467
1483.0 151.60138888
1484.0 151.78965709
1485.0 151.97848078
1486.0 152.16786145
1487.0 152.35780060
1488.0 152.54829971
1489.0 152.73936030
1490.0 152.93098387
1491.0 153.12317192
1492.0 153.31592597
1493.0 153.50924753
1494.0 153.70313812
1495.0 153.89759925
1496.0 154.09263245
1497.0 154.28823926
1498.0 154.48442119
1499.0 154.68117978
1500.0 154.87851657
1501.0 155.07643310
1502.0 155.27493090
1503.0 155.47401154
1504.0 155.67367654
1505.0 155.87392748
1506.0 156.07476590
1507.0 156.27619336
1508.0 156.47821143
1509.0 156.68082166
1510.0 156.88402564
1511.0 157.08782492
1512.0 157.29222109
1513.0 157.49721572
1514.0 157.70281040
1515.0 157.90900670
1516.0 158.11580623
1517.0 158.32321056
1518.0 158.53122130
1519.0 158.73984004
1520.0 158.94906839
1521.0 159.15890794
1522.0 159.36936030
1523.0 159.58042709
1524.0 159.79210993
1525.0 160.00441042
1526.0 160.21733018
1527.0 160.43087086
1528.0 160.64503406
1529.0 160.85982142
1530.0 161.07523458
1531.0 161.29127517
1532.0 161.50794483
1533.0 161.72524521
1534.0 161.94317795
1535.0 162.16174471
1536.0 162.38094714
1537.0 162.60078689
1538.0 162.82126563
1539.0 163.04238503
1540.0 163.26414673
1541.0 163.48655243
1542.0 163.70960379
1543.0 163.93330249
1544.0 164.15765021
1545.0 164.38264864
1546.0 164.60829945
1547.0 164.83460435
1548.0 165.06156503
1549.0 165.28918318
1550.0 165.51746050
1551.0 165.74639871
1552.0 165.97599950
1553.0 166.20626459
1554.0 166.43719569
1555.0 166.66879452
1556.0 166.90106281
1557.0 167.13400226
1558.0 167.36761463
1559.0 167.60190162
1560.0 167.83686499
1561.0 168.07250647
1562.0 168.30882779
1563.0 168.54583071
1564.0 168.78351697
1565.0 169.02188833
1566.0 169.26094654
1567.0 169.50069336
1568.0 169.74113054
1569.0 169.98225987
1570.0 170.22408310
1571.0 170.46660201
1572.0 170.70981837
1573.0 170.95373397
1574.0 171.19835058
1575.0 171.44367000
1576.0 171.68969400
1577.0 171.93642440
1578.0 172.18386297
1579.0 172.43201153
1580.0 172.68087188
1581.0 172.93044581
1582.0 173.18073515
1583.0 173.43174171
1584.0 173.68346731
1585.0 173.93591376
1586.0 174.18908289
1587.0 174.44297653
1588.0 174.69759652
1589.0 174.95294468
1590.0 175.20902285
1591.0 175.46583288
1592.0 175.72337661
1593.0 175.98165589
1594.0 176.24067258
1595.0 176.50042853
1596.0 176.76092559
1597.0 177.02216564
1598.0 177.28415054
1599.0 177.54688216
1600.0 177.81036238
1601.0 178.07459306
1602.0 178.33957610
1603.0 178.60531337
1604.0 178.87180677
1605.0 179.13905819
1606.0 179.40706952
1607.0 179.67584266
1608.0 179.94537951
1609.0 180.21568198
1610.0 180.48675198
1611.0 180.75859142
1612.0 181.03120222
1613.0 181.30458630
1614.0 181.57874558
1615.0 181.85368199
1616.0 182.12939746
1617.0 182.40589392
1618.0 182.68317332
1619.0 182.96123760
1620.0 183.24008869
1621.0 183.51972856
1622.0 183.80015915
1623.0 184.08138242
1624.0 184.36340032
1625.0 184.64621483
1626.0 184.92982791
1627.0 185.21424153
1628.0 185.49945767
1629.0 185.78547830
1630.0 186.07230540
1631.0 186.35994096
1632.0 186.64838698
1633.0 186.93764543
1634.0 187.22771833
1635.0 187.51860766
1636.0 187.81031544
1637.0 188.10284366
1638.0 188.39619435
1639.0 188.69036951
1640.0 188.98537117
1641.0 189.28120135
1642.0 189.57786206
1643.0 189.87535535
1644.0 190.17368324
1645.0 190.47284777
1646.0 190.77285099
1647.0 191.07369493
1648.0 191.37538165
1649.0 191.67791319
1650.0 191.98129162
1651.0 192.28551899
1652.0 192.59059736
1653.0 192.89652880
1654.0 193.20331538
1655.0 193.51095917
1656.0 193.81946226
1657.0 194.12882673
1658.0 194.43905465
1659.0 194.75014812
1660.0 195.06210923
1661.0 195.37494008
1662.0 195.68864277
1663.0 196.00321939
1664.0 196.31867207
1665.0 196.63500291
1666.0 196.95221403
1667.0 197.27030754
1668.0 197.58928557
1669.0 197.90915025
1670.0 198.22990370
1671.0 198.55154806
1672.0 198.87408547
1673.0 199.19751807
1674.0 199.52184801
1675.0 199.84707743
1676.0 200.17320849
1677.0 200.50024334
1678.0 200.82818415
1679.0 201.15703308
1680.0 201.48679230
1681.0 201.81746398
1682.0 202.14905030
1683.0 202.48155343
1684.0 202.81497557
1685.0 203.14931889
1686.0 203.48458560
1687.0 203.82077788
1688.0 204.15789793
1689.0 204.49594797
1690.0 204.83493018
1691.0 205.17484680
1692.0 205.51570002
1693.0 205.85749207
1694.0 206.20022517
1695.0 206.54390154
1696.0 206.88852343
1697.0 207.23409305
1698.0 207.58061265
1699.0 207.92808447
1700.0 208.27651076
1701.0 208.62589376
1702.0 208.97623573
1703.0 209.32753892
1704.0 209.67980561
1705.0 210.03303804
1706.0 210.38723849
1707.0 210.74240924
1708.0 211.09855255
1709.0 211.45567072
1710.0 211.81376602
1711.0 212.17284074
1712.0 212.53289718
1713.0 212.89393764
1714.0 213.25596440
1715.0 213.61897978
1716.0 213.98298609
1717.0 214.34798564
1718.0 214.71398073
1719.0 215.08097370
1720.0 215.44896687
1721.0 215.81796257
1722.0 216.18796312
1723.0 216.55897086
1724.0 216.93098814
1725.0 217.30401729
1726.0 217.67806066
1727.0 218.05312062
1728.0 218.42919950
1729.0 218.80629968
1730.0 219.18442351
1731.0 219.56357336
1732.0 219.94375161
1733.0 220.32496063
1734.0 220.70720279
1735.0 221.09048049
1736.0 221.47479612
1737.0 221.86015205
1738.0 222.24655070
1739.0 222.63399445
1740.0 223.02248571
1741.0 223.41202690
1742.0 223.80262041
1743.0 224.19426868
1744.0 224.58697411
1745.0 224.98073913
1746.0 225.37556617
1747.0 225.77145766
1748.0 226.16841605
1749.0 226.56644375
1750.0 226.96554323
1751.0 227.36571693
1752.0 227.76696731
1753.0 228.16929681
1754.0 228.57270790
1755.0 228.97720304
1756.0 229.38278471
1757.0 229.78945537
1758.0 230.19721750
1759.0 230.60607358
1760.0 231.01602611
1761.0 231.42707755
1762.0 231.83923042
1763.0 232.25248721
1764.0 232.66685041
1765.0 233.08232254
1766.0 233.49890610
1767.0 233.91660360
1768.0 234.33541757
1769.0 234.75535053
1770.0 235.17640500
1771.0 235.59858351
1772.0 236.02188860
1773.0 236.44632281
1774.0 236.87188867
1775.0 237.29858874
1776.0 237.72642556
1777.0 238.15540169
1778.0 238.58551969
1779.0 239.01678213
1780.0 239.44919156
1781.0 239.88275057
1782.0 240.31746173
1783.0 240.75332761
1784.0 241.19035080
1785.0 241.62853390
1786.0 242.06787949
1787.0 242.50839016
1788.0 242.95006853
1789.0 243.39291719
1790.0 243.83693876
1791.0 244.28213585
1792.0 244.72851107
1793.0 245.17606704
1794.0 245.62480641
1795.0 246.07473178
1796.0 246.52584580
1797.0 246.97815111
1798.0 247.43165035
1799.0 247.88634617
1800.0 248.34224122
1801.0 248.79933815
1802.0 249.25763962
1803.0 249.71714830
1804.0 250.17786686
1805.0 250.63979796
1806.0 251.10294429
1807.0 251.56730853
1808.0 252.03289336
1809.0 252.49970147
1810.0 252.96773556
1811.0 253.43699831
1812.0 253.90749245
1813.0 254.37922067
1814.0 254.85218568
1815.0 255.32639020
1816.0 255.80183694
1817.0 256.27852864
1818.0 256.75646802
1819.0 257.23565781
1820.0 257.71610075
1821.0 258.19779958
1822.0 258.68075704
1823.0 259.16497589
1824.0 259.65045887
1825.0 260.13720875
1826.0 260.62522829
1827.0 261.11452026
1828.0 261.60508742
1829.0 262.09693256
1830.0 262.59005845
1831.0 263.08446787
1832.0 263.58016362
1833.0 264.07714848
1834.0 264.57542526
1835.0 265.07499676
1836.0 265.57586577
1837.0 266.07803512
1838.0 266.58150762
1839.0 267.08628608
1840.0 267.59237333
1841.0 268.09977220
1842.0 268.60848551
1843.0 269.11851611
1844.0 269.62986683
1845.0 270.14254053
1846.0 270.65654004
1847.0 271.17186823
1848.0 271.68852795
1849.0 272.20652207
1850.0 272.72585345
1851.0 273.24652496
1852.0 273.76853948
1853.0 274.29189989
1854.0 274.81660908
1855.0 275.34266993
1856.0 275.87008533
1857.0 276.39885820
1858.0 276.92899141
1859.0 277.46048790
1860.0 277.99335056
1861.0 278.52758231
1862.0 279.06318607
1863.0 279.60016477
1864.0 280.13852133
1865.0 280.67825869
1866.0 281.21937979
1867.0 281.76188757
1868.0 282.30578497
1869.0 282.85107496
1870.0 283.39776047
1871.0 283.94584448
1872.0 284.49532994
1873.0 285.04621983
1874.0 285.59851712
1875.0 286.15222480
1876.0 286.70734583
1877.0 287.26388321
1878.0 287.82183993
1879.0 288.38121899
1880.0 288.94202338
1881.0 289.50425612
1882.0 290.06792021
1883.0 290.63301867
1884.0 291.19955451
1885.0 291.76753076
1886.0 292.33695044
1887.0 292.90781659
1888.0 293.48013225
1889.0 294.05390045
1890.0 294.62912424
1891.0 295.20580668
1892.0 295.78395081
1893.0 296.36355970
1894.0 296.94463641
1895.0 297.52718401
1896.0 298.11120557
1897.0 298.69670417
1898.0 299.28368289
1899.0 299.87214482
1900.0 300.46209306
1901.0 301.05353068
1902.0 301.64646081
1903.0 302.24088653
1904.0 302.83681097
1905.0 303.43423724
1906.0 304.03316844
1907.0 304.63360772
1908.0 305.23555819
1909.0 305.83902299
1910.0 306.44400526
1911.0 307.05050813
1912.0 307.65853476
1913.0 308.26808829
1914.0 308.87917189
1915.0 309.49178871
1916.0 310.10594191
1917.0 310.72163467
1918.0 311.33887015
1919.0 311.95765155
1920.0 312.57798204
1921.0 313.19986481
1922.0 313.82330305
1923.0 314.44829997
1924.0 315.07485875
1925.0 315.70298262
1926.0 316.33267478
1927.0 316.96393844
1928.0 317.59677683
1929.0 318.23119317
1930.0 318.86719070
1931.0 319.50477264
1932.0 320.14394225
1933.0 320.78470275
1934.0 321.42705740
1935.0 322.07100945
1936.0 322.71656217
1937.0 323.36371881
1938.0 324.01248264
1939.0 324.66285694
1940.0 325.31484497
1941.0 325.96845003
1942.0 326.62367540
1943.0 327.28052437
1944.0 327.93900023
1945.0 328.59910629
1946.0 329.26084585
1947.0 329.92422223
1948.0 330.58923872
1949.0 331.25589867
1950.0 331.92420538
1951.0 332.59416220
1952.0 333.26577244
1953.0 333.93903946
1954.0 334.61396659
1955.0 335.29055718
1956.0 335.96881459
1957.0 336.64874217
1958.0 337.33034328
1959.0 338.01362129
1960.0 338.69857958
1961.0 339.38522152
1962.0 340.07355049
1963.0 340.76356987
1964.0 341.45528306
1965.0 342.14869346
1966.0 342.84380446
1967.0 343.54061947
1968.0 344.23914190
1969.0 344.93937516
1970.0 345.64132268
1971.0 346.34498788
1972.0 347.05037418
1973.0 347.75748503
1974.0 348.46632386
1975.0 349.17689411
1976.0 349.88919924
1977.0 350.60324269
1978.0 351.31902793
1979.0 352.03655842
1980.0 352.75583762
1981.0 353.47686901
1982.0 354.19965607
1983.0 354.92420228
1984.0 355.65051112
1985.0 356.37858610
1986.0 357.10843070
1987.0 357.84004843
1988.0 358.57344279
1989.0 359.30861730
1990.0 360.04557547
1991.0 360.78432083
1992.0 361.52485690
1993.0 362.26718721
1994.0 363.01131530
1995.0 363.75724470
1996.0 364.50497898
1997.0 365.25452167
1998.0 366.00587633
1999.0 366.75904652
2000.0 367.51403581
2001.0 368.27084777
2002.0 369.02948598
2003.0 369.78995401
2004.0 370.55225544
2005.0 371.31639388
2006.0 372.08237291
2007.0 372.85019614
2008.0 373.61986716
2009.0 374.39138960
2010.0 375.16476706
2011.0 375.94000316
2012.0 376.71710153
2013.0 377.49606580
2014.0 378.27689960
2015.0 379.05960658
2016.0 379.84419037
2017.0 380.63065463
2018.0 381.41900301
2019.0 382.20923918
2020.0 383.00136678
2021.0 383.79538951
2022.0 384.59131102
2023.0 385.38913500
2024.0 386.18886513
2025.0 386.99050511
2026.0 387.79405862
2027.0 388.59952937
2028.0 389.40692106
2029.0 390.21623740
2030.0 391.02748210
2031.0 391.84065889
2032.0 392.65577149
2033.0 393.47282363
2034.0 394.29181904
2035.0 395.11276146
2036.0 395.93565464
2037.0 396.76050232
2038.0 397.58730827
2039.0 398.41607623
2040.0 399.24680998
2041.0 400.07951329
2042.0 400.91418993
2043.0 401.75084368
2044.0 402.58947832
2045.0 403.43009765
2046.0 404.27270546
2047.0 405.11730556
