# JWST NIRISS/SOSS GR700XD order 2 Reference Trace Positions
# SOSS Trace Study: TR#: TBD
# Authors: Tyler Baines, Nestor Espinoza
# email: tbaines@stsci.edu, nespinoza@stsci.edu
# Date Created (YYYY-MM-DD): 2023-05-01
# 
# Description: Reference model for order 1 trace positions at the commanded 
# positions angle of 245.7600 [deg] as well as the pivot point which the trace 
# will rotate about. This model will be used to predict the trace positions
# for a SOSS observation given the pupil wheel position angle for the GR700XD from the fits
# header keyword "PWCPOS". The pivot positions are given as the first row entry. 
# x_c=1677, y_c=200 
# x, y, pix, pix
# 
1677.0 200.00000000
1000.0 103.83545676
1001.0 103.87767693
1002.0 103.91989710
1003.0 103.96211727
1004.0 104.00448779
1005.0 104.04700949
1006.0 104.08968317
1007.0 104.13250964
1008.0 104.17548974
1009.0 104.21862426
1010.0 104.26191403
1011.0 104.30535985
1012.0 104.34896254
1013.0 104.39272293
1014.0 104.43664181
1015.0 104.48072001
1016.0 104.52495834
1017.0 104.56935762
1018.0 104.61391865
1019.0 104.65864226
1020.0 104.70352926
1021.0 104.74858046
1022.0 104.79379668
1023.0 104.83917873
1024.0 104.88472743
1025.0 104.93044359
1026.0 104.97632803
1027.0 105.02238155
1028.0 105.06860498
1029.0 105.11499913
1030.0 105.16156482
1031.0 105.20830285
1032.0 105.25521405
1033.0 105.30229923
1034.0 105.34955919
1035.0 105.39699477
1036.0 105.44460676
1037.0 105.49239599
1038.0 105.54036328
1039.0 105.58850942
1040.0 105.63683525
1041.0 105.68534157
1042.0 105.73402920
1043.0 105.78289896
1044.0 105.83195165
1045.0 105.88118809
1046.0 105.93060910
1047.0 105.98021550
1048.0 106.03000808
1049.0 106.07998768
1050.0 106.13015511
1051.0 106.18051117
1052.0 106.23105669
1053.0 106.28179247
1054.0 106.33271934
1055.0 106.38383811
1056.0 106.43514959
1057.0 106.48665460
1058.0 106.53835395
1059.0 106.59024845
1060.0 106.64233893
1061.0 106.69462619
1062.0 106.74711105
1063.0 106.79979433
1064.0 106.85267683
1065.0 106.90575938
1066.0 106.95904278
1067.0 107.01252786
1068.0 107.06621542
1069.0 107.12010629
1070.0 107.17420127
1071.0 107.22850118
1072.0 107.28300684
1073.0 107.33771906
1074.0 107.39263865
1075.0 107.44776643
1076.0 107.50310321
1077.0 107.55864981
1078.0 107.61440705
1079.0 107.67037573
1080.0 107.72655667
1081.0 107.78295069
1082.0 107.83955860
1083.0 107.89638122
1084.0 107.95341935
1085.0 108.01067382
1086.0 108.06814544
1087.0 108.12583502
1088.0 108.18374338
1089.0 108.24187133
1090.0 108.30021969
1091.0 108.35878927
1092.0 108.41758089
1093.0 108.47659535
1094.0 108.53583348
1095.0 108.59529610
1096.0 108.65498181
1097.0 108.71488047
1098.0 108.77497974
1099.0 108.83526727
1100.0 108.89573072
1101.0 108.95635994
1102.0 109.01715356
1103.0 109.07811242
1104.0 109.13923735
1105.0 109.20052919
1106.0 109.26198876
1107.0 109.32361690
1108.0 109.38541444
1109.0 109.44738222
1110.0 109.50952106
1111.0 109.57183180
1112.0 109.63431528
1113.0 109.69697232
1114.0 109.75980376
1115.0 109.82281042
1116.0 109.88599315
1117.0 109.94935278
1118.0 110.01289013
1119.0 110.07660605
1120.0 110.14050136
1121.0 110.20457689
1122.0 110.26883349
1123.0 110.33327197
1124.0 110.39789318
1125.0 110.46269795
1126.0 110.52768710
1127.0 110.59286148
1128.0 110.65822192
1129.0 110.72376924
1130.0 110.78950428
1131.0 110.85542787
1132.0 110.92154085
1133.0 110.98784405
1134.0 111.05433830
1135.0 111.12102443
1136.0 111.18790328
1137.0 111.25497567
1138.0 111.32224245
1139.0 111.38970445
1140.0 111.45736248
1141.0 111.52521740
1142.0 111.59327004
1143.0 111.66152121
1144.0 111.72997177
1145.0 111.79862253
1146.0 111.86747434
1147.0 111.93652802
1148.0 112.00578441
1149.0 112.07524434
1150.0 112.14490865
1151.0 112.21477816
1152.0 112.28485371
1153.0 112.35513613
1154.0 112.42562626
1155.0 112.49632492
1156.0 112.56723295
1157.0 112.63835118
1158.0 112.70968045
1159.0 112.78122159
1160.0 112.85297543
1161.0 112.92494280
1162.0 112.99712453
1163.0 113.06952147
1164.0 113.14213443
1165.0 113.21496426
1166.0 113.28801178
1167.0 113.36127784
1168.0 113.43476325
1169.0 113.50846886
1170.0 113.58239550
1171.0 113.65654399
1172.0 113.73091518
1173.0 113.80550989
1174.0 113.88032896
1175.0 113.95537322
1176.0 114.03064350
1177.0 114.10614064
1178.0 114.18186547
1179.0 114.25781881
1180.0 114.33400151
1181.0 114.41041440
1182.0 114.48705831
1183.0 114.56393406
1184.0 114.64104251
1185.0 114.71838446
1186.0 114.79596077
1187.0 114.87377226
1188.0 114.95181977
1189.0 115.03010412
1190.0 115.10862615
1191.0 115.18738670
1192.0 115.26638659
1193.0 115.34562665
1194.0 115.42510773
1195.0 115.50483066
1196.0 115.58479626
1197.0 115.66500537
1198.0 115.74545882
1199.0 115.82615744
1200.0 115.90710207
1201.0 115.98829354
1202.0 116.06973268
1203.0 116.15142033
1204.0 116.23335731
1205.0 116.31554447
1206.0 116.39798263
1207.0 116.48067262
1208.0 116.56361528
1209.0 116.64681144
1210.0 116.73026194
1211.0 116.81396760
1212.0 116.89792926
1213.0 116.98214775
1214.0 117.06662391
1215.0 117.15135856
1216.0 117.23635254
1217.0 117.32160669
1218.0 117.40712183
1219.0 117.49289879
1220.0 117.57893842
1221.0 117.66524154
1222.0 117.75180899
1223.0 117.83864159
1224.0 117.92574018
1225.0 118.01310560
1226.0 118.10073867
1227.0 118.18864024
1228.0 118.27681112
1229.0 118.36525216
1230.0 118.45396418
1231.0 118.54294803
1232.0 118.63220453
1233.0 118.72173451
1234.0 118.81153881
1235.0 118.90161825
1236.0 118.99197369
1237.0 119.08260593
1238.0 119.17351583
1239.0 119.26470421
1240.0 119.35617189
1241.0 119.44791973
1242.0 119.53994855
1243.0 119.63225917
1244.0 119.72485244
1245.0 119.81772919
1246.0 119.91089024
1247.0 120.00433644
1248.0 120.09806862
1249.0 120.19208760
1250.0 120.28639422
1251.0 120.38098931
1252.0 120.47587371
1253.0 120.57104825
1254.0 120.66651375
1255.0 120.76227107
1256.0 120.85832101
1257.0 120.95466443
1258.0 121.05130215
1259.0 121.14823500
1260.0 121.24546382
1261.0 121.34298944
1262.0 121.44081269
1263.0 121.53893440
1264.0 121.63735541
1265.0 121.73607654
1266.0 121.83509862
1267.0 121.93442249
1268.0 122.03404896
1269.0 122.13397887
1270.0 122.23421305
1271.0 122.33475232
1272.0 122.43559751
1273.0 122.53674946
1274.0 122.63820898
1275.0 122.73997692
1276.0 122.84205409
1277.0 122.94444133
1278.0 123.04713946
1279.0 123.15014932
1280.0 123.25347173
1281.0 123.35710751
1282.0 123.46105751
1283.0 123.56532255
1284.0 123.66990345
1285.0 123.77480105
1286.0 123.88001617
1287.0 123.98554964
1288.0 124.09140230
1289.0 124.19757496
1290.0 124.30406846
1291.0 124.41088363
1292.0 124.51802129
1293.0 124.62548228
1294.0 124.73326742
1295.0 124.84137754
1296.0 124.94981347
1297.0 125.05857604
1298.0 125.16766607
1299.0 125.27708440
1300.0 125.38683186
1301.0 125.49690926
1302.0 125.60731745
1303.0 125.71805725
1304.0 125.82912949
1305.0 125.94053499
1306.0 126.05227459
1307.0 126.16434911
1308.0 126.27675938
1309.0 126.38950624
1310.0 126.50259051
1311.0 126.61601301
1312.0 126.72977459
1313.0 126.84387605
1314.0 126.95831825
1315.0 127.07310199
1316.0 127.18822812
1317.0 127.30369746
1318.0 127.41951083
1319.0 127.53566908
1320.0 127.65217302
1321.0 127.76902348
1322.0 127.88622130
1323.0 128.00376730
1324.0 128.12166231
1325.0 128.23990715
1326.0 128.35850267
1327.0 128.47744968
1328.0 128.59674902
1329.0 128.71640151
1330.0 128.83640798
1331.0 128.95676926
1332.0 129.07748618
1333.0 129.19855957
1334.0 129.31999026
1335.0 129.44177907
1336.0 129.56392683
1337.0 129.68643438
1338.0 129.80930254
1339.0 129.93253213
1340.0 130.05612400
1341.0 130.18007896
1342.0 130.30439785
1343.0 130.42908149
1344.0 130.55413071
1345.0 130.67954634
1346.0 130.80532921
1347.0 130.93148015
1348.0 131.05799999
1349.0 131.18488956
1350.0 131.31214967
1351.0 131.43978117
1352.0 131.56778488
1353.0 131.69616163
1354.0 131.82491225
1355.0 131.95403757
1356.0 132.08353841
1357.0 132.21341560
1358.0 132.34366998
1359.0 132.47430237
1360.0 132.60531360
1361.0 132.73670450
1362.0 132.86847589
1363.0 133.00062861
1364.0 133.13316349
1365.0 133.26608135
1366.0 133.39938302
1367.0 133.53306933
1368.0 133.66714110
1369.0 133.80159918
1370.0 133.93644438
1371.0 134.07167754
1372.0 134.20729948
1373.0 134.34331103
1374.0 134.47971302
1375.0 134.61650628
1376.0 134.75369164
1377.0 134.89126992
1378.0 135.02924196
1379.0 135.16760858
1380.0 135.30637062
1381.0 135.44552889
1382.0 135.58508424
1383.0 135.72503748
1384.0 135.86538945
1385.0 136.00614097
1386.0 136.14729287
1387.0 136.28884599
1388.0 136.43080115
1389.0 136.57315918
1390.0 136.71592091
1391.0 136.85908716
1392.0 137.00265877
1393.0 137.14663656
1394.0 137.29102136
1395.0 137.43581401
1396.0 137.58101532
1397.0 137.72662613
1398.0 137.87264727
1399.0 138.01907957
1400.0 138.16592385
1401.0 138.31318094
1402.0 138.46085167
1403.0 138.60893687
1404.0 138.75743737
1405.0 138.90635400
1406.0 139.05568758
1407.0 139.20543895
1408.0 139.35560893
1409.0 139.50619835
1410.0 139.65720804
1411.0 139.80863883
1412.0 139.96049155
1413.0 140.11276702
1414.0 140.26546607
1415.0 140.41858954
1416.0 140.57213825
1417.0 140.72611304
1418.0 140.88051472
1419.0 141.03534412
1420.0 141.19060208
1421.0 141.34628943
1422.0 141.50240699
1423.0 141.65895559
1424.0 141.81593607
1425.0 141.97334926
1426.0 142.13119650
1427.0 142.28947958
1428.0 142.44820032
1429.0 142.60736056
1430.0 142.76696210
1431.0 142.92700676
1432.0 143.08749638
1433.0 143.24843277
1434.0 143.40981775
1435.0 143.57165314
1436.0 143.73394076
1437.0 143.89668243
1438.0 144.05987998
1439.0 144.22353523
1440.0 144.38764999
1441.0 144.55222609
1442.0 144.71726535
1443.0 144.88276958
1444.0 145.04874062
1445.0 145.21518028
1446.0 145.38209037
1447.0 145.54947273
1448.0 145.71732918
1449.0 145.88566153
1450.0 146.05447160
1451.0 146.22376122
1452.0 146.39353221
1453.0 146.56378638
1454.0 146.73452556
1455.0 146.90575158
1456.0 147.07746624
1457.0 147.24967138
1458.0 147.42236880
1459.0 147.59556034
1460.0 147.76924782
1461.0 147.94343305
1462.0 148.11811785
1463.0 148.29330406
1464.0 148.46899348
1465.0 148.64518794
1466.0 148.82188925
1467.0 148.99909925
1468.0 149.17681975
1469.0 149.35505258
1470.0 149.53379954
1471.0 149.71306247
1472.0 149.89284319
1473.0 150.07314351
1474.0 150.25396525
1475.0 150.43531025
1476.0 150.61718031
1477.0 150.79957727
1478.0 150.98250293
1479.0 151.16595912
1480.0 151.34994767
1481.0 151.53447039
1482.0 151.71952910
1483.0 151.90512563
1484.0 152.09126180
1485.0 152.27793942
1486.0 152.46516032
1487.0 152.65292631
1488.0 152.84123923
1489.0 153.03010088
1490.0 153.21951310
1491.0 153.40947770
1492.0 153.59999650
1493.0 153.79107133
1494.0 153.98270400
1495.0 154.17489634
1496.0 154.36765016
1497.0 154.56096729
1498.0 154.75484955
1499.0 154.94929875
1500.0 155.14431673
1501.0 155.33990530
1502.0 155.53606628
1503.0 155.73280149
1504.0 155.93011276
1505.0 156.12800190
1506.0 156.32647074
1507.0 156.52552109
1508.0 156.72515478
1509.0 156.92537363
1510.0 157.12617946
1511.0 157.32757409
1512.0 157.52955933
1513.0 157.73213702
1514.0 157.93530898
1515.0 158.13907701
1516.0 158.34344295
1517.0 158.54840862
1518.0 158.75397583
1519.0 158.96014641
1520.0 159.16692218
1521.0 159.37430495
1522.0 159.58229656
1523.0 159.79089882
1524.0 160.00011355
1525.0 160.20994257
1526.0 160.42038770
1527.0 160.63145077
1528.0 160.84313359
1529.0 161.05543799
1530.0 161.26836579
1531.0 161.48191881
1532.0 161.69609886
1533.0 161.91090777
1534.0 162.12634737
1535.0 162.34241946
1536.0 162.55912588
1537.0 162.77646844
1538.0 162.99444897
1539.0 163.21306928
1540.0 163.43233119
1541.0 163.65223654
1542.0 163.87278713
1543.0 164.09398479
1544.0 164.31583134
1545.0 164.53832860
1546.0 164.76147839
1547.0 164.98528253
1548.0 165.20974285
1549.0 165.43486116
1550.0 165.66063928
1551.0 165.88707904
1552.0 166.11418226
1553.0 166.34195076
1554.0 166.57038635
1555.0 166.79949086
1556.0 167.02926612
1557.0 167.25971393
1558.0 167.49083613
1559.0 167.72263453
1560.0 167.95511095
1561.0 168.18826722
1562.0 168.42210516
1563.0 168.65662658
1564.0 168.89183331
1565.0 169.12772716
1566.0 169.36430997
1567.0 169.60158355
1568.0 169.83954972
1569.0 170.07821030
1570.0 170.31756711
1571.0 170.55762197
1572.0 170.79837672
1573.0 171.03983315
1574.0 171.28199311
1575.0 171.52485840
1576.0 171.76843085
1577.0 172.01271227
1578.0 172.25770450
1579.0 172.50340935
1580.0 172.74982864
1581.0 172.99696420
1582.0 173.24481783
1583.0 173.49339137
1584.0 173.74268664
1585.0 173.99270546
1586.0 174.24344964
1587.0 174.49492101
1588.0 174.74712194
1589.0 175.00005582
1590.0 175.25372619
1591.0 175.50813655
1592.0 175.76329044
1593.0 176.01919138
1594.0 176.27584289
1595.0 176.53324849
1596.0 176.79141170
1597.0 177.05033605
1598.0 177.31002506
1599.0 177.57048225
1600.0 177.83171114
1601.0 178.09371527
1602.0 178.35649814
1603.0 178.62006328
1604.0 178.88441422
1605.0 179.14955447
1606.0 179.41548757
1607.0 179.68221702
1608.0 179.94974636
1609.0 180.21807911
1610.0 180.48721879
1611.0 180.75716891
1612.0 181.02793302
1613.0 181.29951461
1614.0 181.57191723
1615.0 181.84514439
1616.0 182.11919962
1617.0 182.39408643
1618.0 182.66980835
1619.0 182.94636890
1620.0 183.22377160
1621.0 183.50201998
1622.0 183.78111757
1623.0 184.06106787
1624.0 184.34187442
1625.0 184.62354073
1626.0 184.90607033
1627.0 185.18946675
1628.0 185.47373350
1629.0 185.75887410
1630.0 186.04489209
1631.0 186.33179097
1632.0 186.61957428
1633.0 186.90824554
1634.0 187.19780826
1635.0 187.48826598
1636.0 187.77962221
1637.0 188.07188048
1638.0 188.36504431
1639.0 188.65911721
1640.0 188.95410273
1641.0 189.25000436
1642.0 189.54682565
1643.0 189.84457011
1644.0 190.14324126
1645.0 190.44284263
1646.0 190.74337774
1647.0 191.04485011
1648.0 191.34726327
1649.0 191.65062073
1650.0 191.95492602
1651.0 192.26018266
1652.0 192.56639417
1653.0 192.87356408
1654.0 193.18169591
1655.0 193.49079318
1656.0 193.80085942
1657.0 194.11189814
1658.0 194.42391287
1659.0 194.73690713
1660.0 195.05088445
1661.0 195.36584834
1662.0 195.68180233
1663.0 195.99874994
1664.0 196.31669470
1665.0 196.63564012
1666.0 196.95558973
1667.0 197.27654705
1668.0 197.59851561
1669.0 197.92149892
1670.0 198.24550051
1671.0 198.57052390
1672.0 198.89657262
1673.0 199.22365018
1674.0 199.55176011
1675.0 199.88090593
1676.0 200.21109117
1677.0 200.54231934
1678.0 200.87459397
1679.0 201.20791858
1680.0 201.54229670
1681.0 201.87773184
1682.0 202.21422753
1683.0 202.55178729
1684.0 202.89041465
1685.0 203.23011312
1686.0 203.57088623
1687.0 203.91273750
1688.0 204.25567045
1689.0 204.59968861
1690.0 204.94479550
1691.0 205.29099464
1692.0 205.63828956
1693.0 205.98668377
1694.0 206.33618080
1695.0 206.68678416
1696.0 207.03849740
1697.0 207.39132402
1698.0 207.74526754
1699.0 208.10033150
1700.0 208.45651941
1701.0 208.81383480
1702.0 209.17228119
1703.0 209.53186210
1704.0 209.89258105
1705.0 210.25444156
1706.0 210.61744717
1707.0 210.98160138
1708.0 211.34690773
1709.0 211.71336974
1710.0 212.08099092
1711.0 212.44977481
1712.0 212.81972492
1713.0 213.19084477
1714.0 213.56313789
1715.0 213.93660780
1716.0 214.31125803
1717.0 214.68709209
1718.0 215.06411351
1719.0 215.44232582
1720.0 215.82173252
1721.0 216.20233715
1722.0 216.58414323
1723.0 216.96715428
1724.0 217.35137382
1725.0 217.73680538
1726.0 218.12345248
1727.0 218.51131864
1728.0 218.90040738
1729.0 219.29072223
1730.0 219.68226670
1731.0 220.07504433
1732.0 220.46905863
1733.0 220.86431312
1734.0 221.26081133
1735.0 221.65855679
1736.0 222.05755300
1737.0 222.45780351
1738.0 222.85931182
1739.0 223.26208146
1740.0 223.66611595
1741.0 224.07141882
1742.0 224.47799359
1743.0 224.88584378
1744.0 225.29497291
1745.0 225.70538451
1746.0 226.11708210
1747.0 226.53006919
1748.0 226.94434932
1749.0 227.35862945
1750.0 227.77290958
