# JWST NIRISS/SOSS GR700XD order 1 Reference Trace Positions
# SOSS Trace Study: TR#: TBD
# Authors: Tyler Baines, Nestor Espinoza
# email: tbaines@stsci.edu, nespinoza@stsci.edu
# Date Created (YYYY-MM-DD): 2023-05-01
# 
# Description: Reference model for order 1 trace positions at the commanded 
# positions angle of 245.7600 [deg] as well as the pivot point which the trace 
# will rotate about. This model will be used to predict the trace positions
# for a SOSS observation given the pupil wheel position angle for the GR700XD from the fits
# header keyword "PWCPOS". The pivot positions are given as the first row entry. 
# x_c=1887, y_c =54 
# x, y, pix, pix
# 
1887.0 54.00000000
4.0 84.67760124
5.0 84.63429849
6.0 84.59099574
7.0 84.54769299
8.0 84.50439631
9.0 84.46110569
10.0 84.41782117
11.0 84.37454275
12.0 84.33127044
13.0 84.28800426
14.0 84.24474421
15.0 84.20149033
16.0 84.15824261
17.0 84.11500107
18.0 84.07176572
19.0 84.02853658
20.0 83.98531365
21.0 83.94209696
22.0 83.89888652
23.0 83.85568233
24.0 83.81248441
25.0 83.76929278
26.0 83.72610744
27.0 83.68292842
28.0 83.63975572
29.0 83.59658935
30.0 83.55342934
31.0 83.51027569
32.0 83.46712841
33.0 83.42398752
34.0 83.38085304
35.0 83.33772497
36.0 83.29460333
37.0 83.25148813
38.0 83.20837938
39.0 83.16527710
40.0 83.12218130
41.0 83.07909200
42.0 83.03600920
43.0 82.99293292
44.0 82.94986317
45.0 82.90679997
46.0 82.86374333
47.0 82.82069326
48.0 82.77764977
49.0 82.73461289
50.0 82.69158261
51.0 82.64855896
52.0 82.60554195
53.0 82.56253158
54.0 82.51952788
55.0 82.47653086
56.0 82.43354052
57.0 82.39055689
58.0 82.34757998
59.0 82.30460979
60.0 82.26164635
61.0 82.21868966
62.0 82.17573973
63.0 82.13279659
64.0 82.08986025
65.0 82.04693071
66.0 82.00400799
67.0 81.96109210
68.0 81.91818306
69.0 81.87528088
70.0 81.83238557
71.0 81.78949715
72.0 81.74661563
73.0 81.70374102
74.0 81.66087333
75.0 81.61801259
76.0 81.57515879
77.0 81.53231196
78.0 81.48947210
79.0 81.44663924
80.0 81.40381337
81.0 81.36099453
82.0 81.31818271
83.0 81.27537794
84.0 81.23258022
85.0 81.18978957
86.0 81.14700600
87.0 81.10422953
88.0 81.06146017
89.0 81.01869792
90.0 80.97594281
91.0 80.93319485
92.0 80.89045405
93.0 80.84772042
94.0 80.80499398
95.0 80.76227474
96.0 80.71956271
97.0 80.67685790
98.0 80.63416033
99.0 80.59147002
100.0 80.54878697
101.0 80.50611120
102.0 80.46344272
103.0 80.42078154
104.0 80.37812768
105.0 80.33548115
106.0 80.29284197
107.0 80.25021014
108.0 80.20758568
109.0 80.16496860
110.0 80.12235892
111.0 80.07975664
112.0 80.03716179
113.0 79.99457437
114.0 79.95199440
115.0 79.90942190
116.0 79.86685686
117.0 79.82429931
118.0 79.78174927
119.0 79.73920673
120.0 79.69667172
121.0 79.65414426
122.0 79.61162434
123.0 79.56911199
124.0 79.52660722
125.0 79.48411004
126.0 79.44162046
127.0 79.39913850
128.0 79.35666418
129.0 79.31419749
130.0 79.27173847
131.0 79.22928711
132.0 79.18684344
133.0 79.14440746
134.0 79.10197920
135.0 79.05955865
136.0 79.01714584
137.0 78.97474078
138.0 78.93234348
139.0 78.88995396
140.0 78.84757222
141.0 78.80519828
142.0 78.76283216
143.0 78.72047387
144.0 78.67812341
145.0 78.63578081
146.0 78.59344607
147.0 78.55111922
148.0 78.50880025
149.0 78.46648919
150.0 78.42418605
151.0 78.38189085
152.0 78.33960358
153.0 78.29732428
154.0 78.25505294
155.0 78.21278959
156.0 78.17053423
157.0 78.12828689
158.0 78.08604757
159.0 78.04381628
160.0 78.00159304
161.0 77.95937787
162.0 77.91717077
163.0 77.87497176
164.0 77.83278085
165.0 77.79059806
166.0 77.74842339
167.0 77.70625687
168.0 77.66409849
169.0 77.62194829
170.0 77.57980626
171.0 77.53767243
172.0 77.49554680
173.0 77.45342940
174.0 77.41132022
175.0 77.36921929
176.0 77.32712662
177.0 77.28504222
178.0 77.24296611
179.0 77.20089829
180.0 77.15883878
181.0 77.11678760
182.0 77.07474476
183.0 77.03271026
184.0 76.99068413
185.0 76.94866637
186.0 76.90665700
187.0 76.86465603
188.0 76.82266348
189.0 76.78067936
190.0 76.73870368
191.0 76.69673645
192.0 76.65477770
193.0 76.61282742
194.0 76.57088563
195.0 76.52895235
196.0 76.48702760
197.0 76.44511137
198.0 76.40320369
199.0 76.36130457
200.0 76.31941403
201.0 76.27753206
202.0 76.23565870
203.0 76.19379395
204.0 76.15193782
205.0 76.11009033
206.0 76.06825149
207.0 76.02642131
208.0 75.98459981
209.0 75.94278700
210.0 75.90098289
211.0 75.85918750
212.0 75.81740084
213.0 75.77562292
214.0 75.73385375
215.0 75.69209336
216.0 75.65034174
217.0 75.60859892
218.0 75.56686491
219.0 75.52513971
220.0 75.48342336
221.0 75.44171584
222.0 75.40001719
223.0 75.35832741
224.0 75.31664652
225.0 75.27497452
226.0 75.23331144
227.0 75.19165728
228.0 75.15001206
229.0 75.10837579
230.0 75.06674849
231.0 75.02513016
232.0 74.98352082
233.0 74.94192049
234.0 74.90032917
235.0 74.85874689
236.0 74.81717364
237.0 74.77560946
238.0 74.73405434
239.0 74.69250830
240.0 74.65097136
241.0 74.60944353
242.0 74.56792481
243.0 74.52641524
244.0 74.48491481
245.0 74.44342353
246.0 74.40194144
247.0 74.36046853
248.0 74.31900482
249.0 74.27755032
250.0 74.23610505
251.0 74.19466902
252.0 74.15324223
253.0 74.11182472
254.0 74.07041648
255.0 74.02901753
256.0 73.98762789
257.0 73.94624757
258.0 73.90487657
259.0 73.86351492
260.0 73.82216263
261.0 73.78081970
262.0 73.73948616
263.0 73.69816201
264.0 73.65684727
265.0 73.61554196
266.0 73.57424608
267.0 73.53295964
268.0 73.49168267
269.0 73.45041517
270.0 73.40915716
271.0 73.36790865
272.0 73.32666966
273.0 73.28544019
274.0 73.24422026
275.0 73.20300988
276.0 73.16180907
277.0 73.12061783
278.0 73.07943619
279.0 73.03826416
280.0 72.99710174
281.0 72.95594895
282.0 72.91480581
283.0 72.87367232
284.0 72.83254851
285.0 72.79143437
286.0 72.75032994
287.0 72.70923521
288.0 72.66815021
289.0 72.62707494
290.0 72.58600942
291.0 72.54495366
292.0 72.50390768
293.0 72.46287149
294.0 72.42184509
295.0 72.38082851
296.0 72.33982176
297.0 72.29882485
298.0 72.25783779
299.0 72.21686060
300.0 72.17589328
301.0 72.13493586
302.0 72.09398835
303.0 72.05305075
304.0 72.01212309
305.0 71.97120537
306.0 71.93029761
307.0 71.88939982
308.0 71.84851201
309.0 71.80763420
310.0 71.76676640
311.0 71.72590863
312.0 71.68506089
313.0 71.64422320
314.0 71.60339557
315.0 71.56257802
316.0 71.52177056
317.0 71.48097320
318.0 71.44018595
319.0 71.39940883
320.0 71.35864185
321.0 71.31788503
322.0 71.27713837
323.0 71.23640189
324.0 71.19567561
325.0 71.15495953
326.0 71.11425368
327.0 71.07355805
328.0 71.03287267
329.0 70.99219755
330.0 70.95153270
331.0 70.91087814
332.0 70.87023387
333.0 70.82959991
334.0 70.78897628
335.0 70.74836299
336.0 70.70776004
337.0 70.66716746
338.0 70.62658526
339.0 70.58601344
340.0 70.54545203
341.0 70.50490103
342.0 70.46436046
343.0 70.42383033
344.0 70.38331066
345.0 70.34280145
346.0 70.30230273
347.0 70.26181450
348.0 70.22133677
349.0 70.18086957
350.0 70.14041290
351.0 70.09996677
352.0 70.05953121
353.0 70.01910622
354.0 69.97869181
355.0 69.93828800
356.0 69.89789480
357.0 69.85751223
358.0 69.81714030
359.0 69.77677901
360.0 69.73642839
361.0 69.69608845
362.0 69.65575920
363.0 69.61544065
364.0 69.57513281
365.0 69.53483571
366.0 69.49454935
367.0 69.45427374
368.0 69.41400890
369.0 69.37375484
370.0 69.33351158
371.0 69.29327913
372.0 69.25305749
373.0 69.21284669
374.0 69.17264674
375.0 69.13245765
376.0 69.09227943
377.0 69.05211209
378.0 69.01195566
379.0 68.97181014
380.0 68.93167554
381.0 68.89155188
382.0 68.85143917
383.0 68.81133743
384.0 68.77124667
385.0 68.73116689
386.0 68.69109812
387.0 68.65104037
388.0 68.61099364
389.0 68.57095796
390.0 68.53093334
391.0 68.49091978
392.0 68.45091731
393.0 68.41092593
394.0 68.37094566
395.0 68.33097651
396.0 68.29101850
397.0 68.25107163
398.0 68.21113593
399.0 68.17121140
400.0 68.13129805
401.0 68.09139591
402.0 68.05150498
403.0 68.01162527
404.0 67.97175681
405.0 67.93189961
406.0 67.89205371
407.0 67.85221911
408.0 67.81239585
409.0 67.77258394
410.0 67.73278340
411.0 67.69299426
412.0 67.65321654
413.0 67.61345025
414.0 67.57369543
415.0 67.53395209
416.0 67.49422026
417.0 67.45449995
418.0 67.41479119
419.0 67.37509400
420.0 67.33540840
421.0 67.29573442
422.0 67.25607206
423.0 67.21642137
424.0 67.17678235
425.0 67.13715503
426.0 67.09753944
427.0 67.05793558
428.0 67.01834349
429.0 66.97876319
430.0 66.93919469
431.0 66.89963803
432.0 66.86009321
433.0 66.82056027
434.0 66.78103922
435.0 66.74153009
436.0 66.70203290
437.0 66.66254766
438.0 66.62307441
439.0 66.58361316
440.0 66.54416393
441.0 66.50472675
442.0 66.46530163
443.0 66.42588861
444.0 66.38648770
445.0 66.34709892
446.0 66.30772229
447.0 66.26835784
448.0 66.22900559
449.0 66.18966555
450.0 66.15033776
451.0 66.11102223
452.0 66.07171898
453.0 66.03242804
454.0 65.99314943
455.0 65.95388316
456.0 65.91462927
457.0 65.87538777
458.0 65.83615868
459.0 65.79694203
460.0 65.75773783
461.0 65.71854612
462.0 65.67936690
463.0 65.64020021
464.0 65.60104606
465.0 65.56190448
466.0 65.52277548
467.0 65.48365910
468.0 65.44455534
469.0 65.40546424
470.0 65.36638580
471.0 65.32732007
472.0 65.28826705
473.0 65.24922677
474.0 65.21019926
475.0 65.17118452
476.0 65.13218259
477.0 65.09319348
478.0 65.05421722
479.0 65.01525383
480.0 64.97630333
481.0 64.93736574
482.0 64.89844108
483.0 64.85952938
484.0 64.82063066
485.0 64.78174493
486.0 64.74287223
487.0 64.70401257
488.0 64.66516597
489.0 64.62633246
490.0 64.58751205
491.0 64.54870477
492.0 64.50991064
493.0 64.47112969
494.0 64.43236192
495.0 64.39360738
496.0 64.35486607
497.0 64.31613801
498.0 64.27742324
499.0 64.23872177
500.0 64.20003363
501.0 64.16135882
502.0 64.12269739
503.0 64.08404934
504.0 64.04541470
505.0 64.00679350
506.0 63.96818575
507.0 63.92959147
508.0 63.89101069
509.0 63.85244343
510.0 63.81388971
511.0 63.77534955
512.0 63.73682297
513.0 63.69831000
514.0 63.65981065
515.0 63.62132495
516.0 63.58285292
517.0 63.54439459
518.0 63.50594996
519.0 63.46751908
520.0 63.42910194
521.0 63.39069859
522.0 63.35230904
523.0 63.31393330
524.0 63.27557141
525.0 63.23722339
526.0 63.19888925
527.0 63.16056902
528.0 63.12226272
529.0 63.08397037
530.0 63.04569199
531.0 63.00742761
532.0 62.96917724
533.0 62.93094091
534.0 62.89271864
535.0 62.85451046
536.0 62.81631637
537.0 62.77813641
538.0 62.73997060
539.0 62.70181895
540.0 62.66368150
541.0 62.62555825
542.0 62.58744924
543.0 62.54935448
544.0 62.51127400
545.0 62.47320781
546.0 62.43515595
547.0 62.39711842
548.0 62.35909526
549.0 62.32108649
550.0 62.28309212
551.0 62.24511217
552.0 62.20714668
553.0 62.16919566
554.0 62.13125912
555.0 62.09333711
556.0 62.05542963
557.0 62.01753671
558.0 61.97965836
559.0 61.94179462
560.0 61.90394550
561.0 61.86611102
562.0 61.82829121
563.0 61.79048609
564.0 61.75269568
565.0 61.71491999
566.0 61.67715906
567.0 61.63941291
568.0 61.60168155
569.0 61.56396500
570.0 61.52626330
571.0 61.48857645
572.0 61.45090449
573.0 61.41324744
574.0 61.37560530
575.0 61.33797812
576.0 61.30036590
577.0 61.26276868
578.0 61.22518647
579.0 61.18761929
580.0 61.15006717
581.0 61.11253012
582.0 61.07500817
583.0 61.03750135
584.0 61.00000966
585.0 60.96253314
586.0 60.92507181
587.0 60.88762568
588.0 60.85019478
589.0 60.81277913
590.0 60.77537875
591.0 60.73799367
592.0 60.70062390
593.0 60.66326947
594.0 60.62593040
595.0 60.58860671
596.0 60.55129842
597.0 60.51400555
598.0 60.47672813
599.0 60.43946618
600.0 60.40221971
601.0 60.36498876
602.0 60.32777333
603.0 60.29057346
604.0 60.25338917
605.0 60.21622047
606.0 60.17906739
607.0 60.14192995
608.0 60.10480818
609.0 60.06770208
610.0 60.03061169
611.0 59.99353703
612.0 59.95647812
613.0 59.91943497
614.0 59.88240762
615.0 59.84539608
616.0 59.80840038
617.0 59.77142053
618.0 59.73445657
619.0 59.69750850
620.0 59.66057635
621.0 59.62366015
622.0 59.58675991
623.0 59.54987566
624.0 59.51300741
625.0 59.47615520
626.0 59.43931904
627.0 59.40249895
628.0 59.36569495
629.0 59.32890707
630.0 59.29213533
631.0 59.25537975
632.0 59.21864036
633.0 59.18191716
634.0 59.14521019
635.0 59.10851947
636.0 59.07184501
637.0 59.03518684
638.0 58.99854499
639.0 58.96191947
640.0 58.92531030
641.0 58.88871751
642.0 58.85214111
643.0 58.81558114
644.0 58.77903761
645.0 58.74251054
646.0 58.70599995
647.0 58.66950587
648.0 58.63302832
649.0 58.59656732
650.0 58.56012289
651.0 58.52369505
652.0 58.48728383
653.0 58.45088925
654.0 58.41451132
655.0 58.37815007
656.0 58.34180552
657.0 58.30547769
658.0 58.26916661
659.0 58.23287230
660.0 58.19659477
661.0 58.16033405
662.0 58.12409016
663.0 58.08786313
664.0 58.05165297
665.0 58.01545970
666.0 57.97928336
667.0 57.94312395
668.0 57.90698150
669.0 57.87085604
670.0 57.83474758
671.0 57.79865615
672.0 57.76258176
673.0 57.72652444
674.0 57.69048422
675.0 57.65446110
676.0 57.61845512
677.0 57.58246630
678.0 57.54649465
679.0 57.51054020
680.0 57.47460298
681.0 57.43868299
682.0 57.40278027
683.0 57.36689484
684.0 57.33102671
685.0 57.29517591
686.0 57.25934246
687.0 57.22352639
688.0 57.18772771
689.0 57.15194644
690.0 57.11618261
691.0 57.08043624
692.0 57.04470735
693.0 57.00899597
694.0 56.97330210
695.0 56.93762579
696.0 56.90196704
697.0 56.86632587
698.0 56.83070232
699.0 56.79509640
700.0 56.75950814
701.0 56.72393755
702.0 56.68838466
703.0 56.65284948
704.0 56.61733205
705.0 56.58183238
706.0 56.54635049
707.0 56.51088641
708.0 56.47544015
709.0 56.44001174
710.0 56.40460121
711.0 56.36920856
712.0 56.33383383
713.0 56.29847703
714.0 56.26313820
715.0 56.22781734
716.0 56.19251447
717.0 56.15722964
718.0 56.12196284
719.0 56.08671411
720.0 56.05148347
721.0 56.01627093
722.0 55.98107653
723.0 55.94590028
724.0 55.91074220
725.0 55.87560231
726.0 55.84048065
727.0 55.80537722
728.0 55.77029205
729.0 55.73522516
730.0 55.70017658
731.0 55.66514632
732.0 55.63013440
733.0 55.59514086
734.0 55.56016571
735.0 55.52520896
736.0 55.49027065
737.0 55.45535080
738.0 55.42044942
739.0 55.38556654
740.0 55.35070218
741.0 55.31585636
742.0 55.28102911
743.0 55.24622044
744.0 55.21143037
745.0 55.17665894
746.0 55.14190615
747.0 55.10717203
748.0 55.07245661
749.0 55.03775990
750.0 55.00308193
751.0 54.96842272
752.0 54.93378229
753.0 54.89916066
754.0 54.86455785
755.0 54.82997388
756.0 54.79540879
757.0 54.76086257
758.0 54.72633527
759.0 54.69182691
760.0 54.65733749
761.0 54.62286705
762.0 54.58841560
763.0 54.55398317
764.0 54.51956979
765.0 54.48517546
766.0 54.45080021
767.0 54.41644407
768.0 54.38210706
769.0 54.34778919
770.0 54.31349050
771.0 54.27921099
772.0 54.24495070
773.0 54.21070964
774.0 54.17648784
775.0 54.14228531
776.0 54.10810209
777.0 54.07393818
778.0 54.03979362
779.0 54.00566842
780.0 53.97156261
781.0 53.93747621
782.0 53.90340923
783.0 53.86936171
784.0 53.83533365
785.0 53.80132510
786.0 53.76733605
787.0 53.73336655
788.0 53.69941661
789.0 53.66548624
790.0 53.63157548
791.0 53.59768434
792.0 53.56381285
793.0 53.52996102
794.0 53.49612889
795.0 53.46231646
796.0 53.42852377
797.0 53.39475083
798.0 53.36099767
799.0 53.32726430
800.0 53.29355077
801.0 53.25985714
802.0 53.22618348
803.0 53.19252985
804.0 53.15889631
805.0 53.12528294
806.0 53.09168980
807.0 53.05811695
808.0 53.02456447
809.0 52.99103241
810.0 52.95752085
811.0 52.92402984
812.0 52.89055946
813.0 52.85710977
814.0 52.82368084
815.0 52.79027273
816.0 52.75688551
817.0 52.72351925
818.0 52.69017400
819.0 52.65684985
820.0 52.62354684
821.0 52.59026506
822.0 52.55700456
823.0 52.52376541
824.0 52.49054768
825.0 52.45735143
826.0 52.42417673
827.0 52.39102364
828.0 52.35789224
829.0 52.32478258
830.0 52.29169473
831.0 52.25862876
832.0 52.22558474
833.0 52.19256273
834.0 52.15956279
835.0 52.12658499
836.0 52.09362941
837.0 52.06069610
838.0 52.02778512
839.0 51.99489656
840.0 51.96203046
841.0 51.92918691
842.0 51.89636596
843.0 51.86356768
844.0 51.83079213
845.0 51.79803939
846.0 51.76530951
847.0 51.73260257
848.0 51.69991863
849.0 51.66725775
850.0 51.63462001
851.0 51.60200546
852.0 51.56941418
853.0 51.53684622
854.0 51.50430166
855.0 51.47178057
856.0 51.43928300
857.0 51.40680902
858.0 51.37435871
859.0 51.34193212
860.0 51.30952932
861.0 51.27715037
862.0 51.24479535
863.0 51.21246432
864.0 51.18015735
865.0 51.14787450
866.0 51.11561583
867.0 51.08338142
868.0 51.05117132
869.0 51.01898561
870.0 50.98682435
871.0 50.95468761
872.0 50.92257545
873.0 50.89048794
874.0 50.85842515
875.0 50.82638713
876.0 50.79437396
877.0 50.76238571
878.0 50.73042243
879.0 50.69848420
880.0 50.66657108
881.0 50.63468313
882.0 50.60282043
883.0 50.57098304
884.0 50.53917102
885.0 50.50738444
886.0 50.47562336
887.0 50.44388786
888.0 50.41217800
889.0 50.38049384
890.0 50.34883545
891.0 50.31720290
892.0 50.28559625
893.0 50.25401556
894.0 50.22246091
895.0 50.19093237
896.0 50.15942998
897.0 50.12795383
898.0 50.09650398
899.0 50.06508049
900.0 50.03368343
901.0 50.00231286
902.0 49.97096886
903.0 49.93965149
904.0 49.90836080
905.0 49.87709688
906.0 49.84585979
907.0 49.81464958
908.0 49.78346633
909.0 49.75231011
910.0 49.72118097
911.0 49.69007899
912.0 49.65900424
913.0 49.62795676
914.0 49.59693665
915.0 49.56594395
916.0 49.53497873
917.0 49.50404107
918.0 49.47313102
919.0 49.44224866
920.0 49.41139405
921.0 49.38056725
922.0 49.34976833
923.0 49.31899736
924.0 49.28825440
925.0 49.25753952
926.0 49.22685278
927.0 49.19619426
928.0 49.16556401
929.0 49.13496210
930.0 49.10438861
931.0 49.07384358
932.0 49.04332710
933.0 49.01283923
934.0 48.98238002
935.0 48.95194956
936.0 48.92154790
937.0 48.89117510
938.0 48.86083125
939.0 48.83051640
940.0 48.80023061
941.0 48.76997396
942.0 48.73974651
943.0 48.70954833
944.0 48.67937948
945.0 48.64924002
946.0 48.61913003
947.0 48.58904957
948.0 48.55899870
949.0 48.52897750
950.0 48.49898603
951.0 48.46902434
952.0 48.43909252
953.0 48.40919062
954.0 48.37931872
955.0 48.34947687
956.0 48.31966515
957.0 48.28988361
958.0 48.26013233
959.0 48.23041138
960.0 48.20072081
961.0 48.17106069
962.0 48.14143109
963.0 48.11183208
964.0 48.08226371
965.0 48.05272607
966.0 48.02321921
967.0 47.99374320
968.0 47.96429810
969.0 47.93488398
970.0 47.90550091
971.0 47.87614895
972.0 47.84682818
973.0 47.81753864
974.0 47.78828042
975.0 47.75905357
976.0 47.72985817
977.0 47.70069428
978.0 47.67156196
979.0 47.64246128
980.0 47.61339230
981.0 47.58435510
982.0 47.55534974
983.0 47.52637628
984.0 47.49743480
985.0 47.46852534
986.0 47.43964800
987.0 47.41080281
988.0 47.38198987
989.0 47.35320922
990.0 47.32446094
991.0 47.29574509
992.0 47.26706174
993.0 47.23841096
994.0 47.20979280
995.0 47.18120734
996.0 47.15265464
997.0 47.12413477
998.0 47.09564779
999.0 47.06719378
1000.0 47.03877279
1001.0 47.01038489
1002.0 46.98203014
1003.0 46.95370863
1004.0 46.92542040
1005.0 46.89716552
1006.0 46.86894407
1007.0 46.84075611
1008.0 46.81260169
1009.0 46.78448090
1010.0 46.75639380
1011.0 46.72834044
1012.0 46.70032090
1013.0 46.67233525
1014.0 46.64438354
1015.0 46.61646585
1016.0 46.58858224
1017.0 46.56073278
1018.0 46.53291753
1019.0 46.50513656
1020.0 46.47738993
1021.0 46.44967772
1022.0 46.42199998
1023.0 46.39435678
1024.0 46.36674820
1025.0 46.33917428
1026.0 46.31163511
1027.0 46.28413075
1028.0 46.25666126
1029.0 46.22922670
1030.0 46.20182715
1031.0 46.17446268
1032.0 46.14713333
1033.0 46.11983919
1034.0 46.09258032
1035.0 46.06535678
1036.0 46.03816865
1037.0 46.01101598
1038.0 45.98389884
1039.0 45.95681730
1040.0 45.92977142
1041.0 45.90276128
1042.0 45.87578693
1043.0 45.84884844
1044.0 45.82194588
1045.0 45.79507931
1046.0 45.76824880
1047.0 45.74145442
1048.0 45.71469623
1049.0 45.68797430
1050.0 45.66128869
1051.0 45.63463948
1052.0 45.60802671
1053.0 45.58145047
1054.0 45.55491082
1055.0 45.52840782
1056.0 45.50194154
1057.0 45.47551205
1058.0 45.44911940
1059.0 45.42276368
1060.0 45.39644493
1061.0 45.37016324
1062.0 45.34391866
1063.0 45.31771126
1064.0 45.29154111
1065.0 45.26540828
1066.0 45.23931282
1067.0 45.21325481
1068.0 45.18723430
1069.0 45.16125138
1070.0 45.13530610
1071.0 45.10939852
1072.0 45.08352873
1073.0 45.05769677
1074.0 45.03190272
1075.0 45.00614664
1076.0 44.98042860
1077.0 44.95474866
1078.0 44.92910690
1079.0 44.90350337
1080.0 44.87793815
1081.0 44.85241129
1082.0 44.82692287
1083.0 44.80147294
1084.0 44.77606159
1085.0 44.75068887
1086.0 44.72535484
1087.0 44.70005958
1088.0 44.67480315
1089.0 44.64958561
1090.0 44.62440704
1091.0 44.59926750
1092.0 44.57416704
1093.0 44.54910575
1094.0 44.52408369
1095.0 44.49910092
1096.0 44.47415750
1097.0 44.44925351
1098.0 44.42438901
1099.0 44.39956406
1100.0 44.37477874
1101.0 44.35003310
1102.0 44.32532722
1103.0 44.30066116
1104.0 44.27603498
1105.0 44.25144875
1106.0 44.22690254
1107.0 44.20239642
1108.0 44.17793044
1109.0 44.15350468
1110.0 44.12911920
1111.0 44.10477407
1112.0 44.08046935
1113.0 44.05620511
1114.0 44.03198142
1115.0 44.00779833
1116.0 43.98365593
1117.0 43.95955426
1118.0 43.93549341
1119.0 43.91147343
1120.0 43.88749439
1121.0 43.86355636
1122.0 43.83965940
1123.0 43.81580358
1124.0 43.79198897
1125.0 43.76821562
1126.0 43.74448361
1127.0 43.72079301
1128.0 43.69714387
1129.0 43.67353627
1130.0 43.64997027
1131.0 43.62644593
1132.0 43.60296333
1133.0 43.57952252
1134.0 43.55612358
1135.0 43.53276657
1136.0 43.50945156
1137.0 43.48617861
1138.0 43.46294778
1139.0 43.43975915
1140.0 43.41661278
1141.0 43.39350874
1142.0 43.37044709
1143.0 43.34742790
1144.0 43.32445123
1145.0 43.30151715
1146.0 43.27862572
1147.0 43.25577702
1148.0 43.23297111
1149.0 43.21020805
1150.0 43.18748791
1151.0 43.16481075
1152.0 43.14217665
1153.0 43.11958566
1154.0 43.09703786
1155.0 43.07453331
1156.0 43.05207207
1157.0 43.02965421
1158.0 43.00727980
1159.0 42.98494891
1160.0 42.96266159
1161.0 42.94041792
1162.0 42.91821796
1163.0 42.89606178
1164.0 42.87394944
1165.0 42.85188101
1166.0 42.82985656
1167.0 42.80787614
1168.0 42.78593983
1169.0 42.76404770
1170.0 42.74219980
1171.0 42.72039621
1172.0 42.69863699
1173.0 42.67692221
1174.0 42.65525193
1175.0 42.63362622
1176.0 42.61204514
1177.0 42.59050877
1178.0 42.56901716
1179.0 42.54757038
1180.0 42.52616850
1181.0 42.50481159
1182.0 42.48349970
1183.0 42.46223291
1184.0 42.44101129
1185.0 42.41983489
1186.0 42.39870379
1187.0 42.37761805
1188.0 42.35657773
1189.0 42.33558291
1190.0 42.31463364
1191.0 42.29373000
1192.0 42.27287204
1193.0 42.25205985
1194.0 42.23129347
1195.0 42.21057299
1196.0 42.18989890
1197.0 42.16927351
1198.0 42.14869954
1199.0 42.12817975
1200.0 42.10771686
1201.0 42.08731319
1202.0 42.06696928
1203.0 42.04668526
1204.0 42.02646124
1205.0 42.00629734
1206.0 41.98619368
1207.0 41.96615039
1208.0 41.94616757
1209.0 41.92624535
1210.0 41.90638384
1211.0 41.88658317
1212.0 41.86684345
1213.0 41.84716481
1214.0 41.82754735
1215.0 41.80799121
1216.0 41.78849649
1217.0 41.76906332
1218.0 41.74969182
1219.0 41.73038210
1220.0 41.71113428
1221.0 41.69194849
1222.0 41.67282484
1223.0 41.65376344
1224.0 41.63476443
1225.0 41.61582791
1226.0 41.59695401
1227.0 41.57814284
1228.0 41.55939452
1229.0 41.54070918
1230.0 41.52208693
1231.0 41.50352788
1232.0 41.48503217
1233.0 41.46659990
1234.0 41.44823119
1235.0 41.42992617
1236.0 41.41168496
1237.0 41.39350766
1238.0 41.37539441
1239.0 41.35734531
1240.0 41.33936050
1241.0 41.32144008
1242.0 41.30358417
1243.0 41.28579290
1244.0 41.26806638
1245.0 41.25040474
1246.0 41.23280808
1247.0 41.21527654
1248.0 41.19781022
1249.0 41.18040924
1250.0 41.16307374
1251.0 41.14580381
1252.0 41.12859959
1253.0 41.11146120
1254.0 41.09438874
1255.0 41.07738234
1256.0 41.06044211
1257.0 41.04356819
1258.0 41.02676068
1259.0 41.01001970
1260.0 40.99334538
1261.0 40.97673782
1262.0 40.96019716
1263.0 40.94372351
1264.0 40.92731698
1265.0 40.91097770
1266.0 40.89470579
1267.0 40.87850136
1268.0 40.86236453
1269.0 40.84629542
1270.0 40.83029415
1271.0 40.81436084
1272.0 40.79849561
1273.0 40.78269858
1274.0 40.76696986
1275.0 40.75130957
1276.0 40.73571783
1277.0 40.72019477
1278.0 40.70474050
1279.0 40.68935513
1280.0 40.67403879
1281.0 40.65879160
1282.0 40.64361368
1283.0 40.62850513
1284.0 40.61346609
1285.0 40.59849667
1286.0 40.58359699
1287.0 40.56876717
1288.0 40.55400732
1289.0 40.53931757
1290.0 40.52469804
1291.0 40.51014884
1292.0 40.49567009
1293.0 40.48126191
1294.0 40.46692442
1295.0 40.45265774
1296.0 40.43846199
1297.0 40.42433728
1298.0 40.41028374
1299.0 40.39630148
1300.0 40.38239062
1301.0 40.36855128
1302.0 40.35478359
1303.0 40.34108765
1304.0 40.32746358
1305.0 40.31391152
1306.0 40.30043156
1307.0 40.28702384
1308.0 40.27368848
1309.0 40.26042558
1310.0 40.24723527
1311.0 40.23411767
1312.0 40.22107290
1313.0 40.20810107
1314.0 40.19520231
1315.0 40.18237673
1316.0 40.16962445
1317.0 40.15694559
1318.0 40.14434027
1319.0 40.13180861
1320.0 40.11935073
1321.0 40.10696674
1322.0 40.09465676
1323.0 40.08242092
1324.0 40.07025933
1325.0 40.05817211
1326.0 40.04615938
1327.0 40.03422126
1328.0 40.02235786
1329.0 40.01056931
1330.0 39.99885572
1331.0 39.98721722
1332.0 39.97565391
1333.0 39.96416593
1334.0 39.95275339
1335.0 39.94141640
1336.0 39.93015509
1337.0 39.91896958
1338.0 39.90785997
1339.0 39.89682641
1340.0 39.88586899
1341.0 39.87498784
1342.0 39.86418308
1343.0 39.85345483
1344.0 39.84280321
1345.0 39.83222833
1346.0 39.82173031
1347.0 39.81130928
1348.0 39.80096535
1349.0 39.79069863
1350.0 39.78050926
1351.0 39.77039734
1352.0 39.76036300
1353.0 39.75040636
1354.0 39.74052753
1355.0 39.73072663
1356.0 39.72100378
1357.0 39.71135910
1358.0 39.70179271
1359.0 39.69230473
1360.0 39.68289527
1361.0 39.67356446
1362.0 39.66431241
1363.0 39.65513925
1364.0 39.64604508
1365.0 39.63703004
1366.0 39.62809423
1367.0 39.61923778
1368.0 39.61046081
1369.0 39.60176343
1370.0 39.59314576
1371.0 39.58460793
1372.0 39.57615004
1373.0 39.56777223
1374.0 39.55947460
1375.0 39.55125729
1376.0 39.54312039
1377.0 39.53506404
1378.0 39.52708836
1379.0 39.51919346
1380.0 39.51137945
1381.0 39.50364647
1382.0 39.49599463
1383.0 39.48842404
1384.0 39.48093483
1385.0 39.47352711
1386.0 39.46620100
1387.0 39.45895663
1388.0 39.45179411
1389.0 39.44471356
1390.0 39.43771509
1391.0 39.43079883
1392.0 39.42396490
1393.0 39.41721341
1394.0 39.41054449
1395.0 39.40395824
1396.0 39.39745480
1397.0 39.39103427
1398.0 39.38469679
1399.0 39.37844246
1400.0 39.37227140
1401.0 39.36618374
1402.0 39.36017960
1403.0 39.35425908
1404.0 39.34842231
1405.0 39.34266942
1406.0 39.33700051
1407.0 39.33141571
1408.0 39.32591513
1409.0 39.32049890
1410.0 39.31516713
1411.0 39.30991994
1412.0 39.30475745
1413.0 39.29967978
1414.0 39.29468705
1415.0 39.28977937
1416.0 39.28495687
1417.0 39.28021966
1418.0 39.27556787
1419.0 39.27100161
1420.0 39.26652099
1421.0 39.26212615
1422.0 39.25781719
1423.0 39.25359424
1424.0 39.24945742
1425.0 39.24540684
1426.0 39.24144262
1427.0 39.23756488
1428.0 39.23377374
1429.0 39.23006932
1430.0 39.22645174
1431.0 39.22292111
1432.0 39.21947756
1433.0 39.21612120
1434.0 39.21285216
1435.0 39.20967054
1436.0 39.20657648
1437.0 39.20357008
1438.0 39.20065148
1439.0 39.19782077
1440.0 39.19507810
1441.0 39.19242356
1442.0 39.18985729
1443.0 39.18737940
1444.0 39.18499001
1445.0 39.18268923
1446.0 39.18047720
1447.0 39.17835402
1448.0 39.17631981
1449.0 39.17437470
1450.0 39.17251880
1451.0 39.17075223
1452.0 39.16907511
1453.0 39.16748756
1454.0 39.16598969
1455.0 39.16458163
1456.0 39.16326350
1457.0 39.16203541
1458.0 39.16089748
1459.0 39.15984983
1460.0 39.15889258
1461.0 39.15802585
1462.0 39.15724976
1463.0 39.15656442
1464.0 39.15596995
1465.0 39.15546648
1466.0 39.15505412
1467.0 39.15473299
1468.0 39.15450321
1469.0 39.15436490
1470.0 39.15431818
1471.0 39.15436316
1472.0 39.15449996
1473.0 39.15472871
1474.0 39.15504952
1475.0 39.15546251
1476.0 39.15596780
1477.0 39.15656551
1478.0 39.15725575
1479.0 39.15803865
1480.0 39.15891432
1481.0 39.15988289
1482.0 39.16094447
1483.0 39.16209917
1484.0 39.16334713
1485.0 39.16468845
1486.0 39.16612326
1487.0 39.16765168
1488.0 39.16927382
1489.0 39.17098980
1490.0 39.17279975
1491.0 39.17470377
1492.0 39.17670200
1493.0 39.17879454
1494.0 39.18098151
1495.0 39.18326305
1496.0 39.18564093
1497.0 39.18812367
1498.0 39.19072144
1499.0 39.19344443
1500.0 39.19630283
1501.0 39.19930505
1502.0 39.20245257
1503.0 39.20574507
1504.0 39.20918229
1505.0 39.21276391
1506.0 39.21648965
1507.0 39.22035922
1508.0 39.22437233
1509.0 39.22852867
1510.0 39.23282797
1511.0 39.23726992
1512.0 39.24185424
1513.0 39.24658063
1514.0 39.25144880
1515.0 39.25645847
1516.0 39.26160932
1517.0 39.26690109
1518.0 39.27233346
1519.0 39.27790615
1520.0 39.28361888
1521.0 39.28947133
1522.0 39.29546323
1523.0 39.30159428
1524.0 39.30786419
1525.0 39.31427267
1526.0 39.32081942
1527.0 39.32750415
1528.0 39.33432657
1529.0 39.34128639
1530.0 39.34838331
1531.0 39.35561705
1532.0 39.36298730
1533.0 39.37049379
1534.0 39.37813621
1535.0 39.38591428
1536.0 39.39382769
1537.0 39.40187617
1538.0 39.41005941
1539.0 39.41837713
1540.0 39.42682903
1541.0 39.43541483
1542.0 39.44413422
1543.0 39.45298691
1544.0 39.46197262
1545.0 39.47109105
1546.0 39.48034191
1547.0 39.48972491
1548.0 39.49923975
1549.0 39.50888615
1550.0 39.51866380
1551.0 39.52857242
1552.0 39.53861172
1553.0 39.54878141
1554.0 39.55908118
1555.0 39.56951075
1556.0 39.58006983
1557.0 39.59075813
1558.0 39.60157534
1559.0 39.61252119
1560.0 39.62359537
1561.0 39.63479760
1562.0 39.64612759
1563.0 39.65758503
1564.0 39.66916965
1565.0 39.68088114
1566.0 39.69271921
1567.0 39.70468358
1568.0 39.71677395
1569.0 39.72899002
1570.0 39.74133151
1571.0 39.75379812
1572.0 39.76638957
1573.0 39.77910555
1574.0 39.79194578
1575.0 39.80490996
1576.0 39.81799781
1577.0 39.83120903
1578.0 39.84454332
1579.0 39.85800040
1580.0 39.87157997
1581.0 39.88528174
1582.0 39.89910542
1583.0 39.91305072
1584.0 39.92711734
1585.0 39.94130499
1586.0 39.95561339
1587.0 39.97004223
1588.0 39.98459122
1589.0 39.99926008
1590.0 40.01404851
1591.0 40.02895622
1592.0 40.04398291
1593.0 40.05912830
1594.0 40.07439209
1595.0 40.08977399
1596.0 40.10527370
1597.0 40.12089094
1598.0 40.13662546
1599.0 40.15247800
1600.0 40.16845030
1601.0 40.18454415
1602.0 40.20076134
1603.0 40.21710364
1604.0 40.23357284
1605.0 40.25017074
1606.0 40.26689910
1607.0 40.28375972
1608.0 40.30075439
1609.0 40.31788488
1610.0 40.33515298
1611.0 40.35256048
1612.0 40.37010916
1613.0 40.38780080
1614.0 40.40563719
1615.0 40.42362012
1616.0 40.44175137
1617.0 40.46003272
1618.0 40.47846597
1619.0 40.49705288
1620.0 40.51579526
1621.0 40.53469488
1622.0 40.55375353
1623.0 40.57297299
1624.0 40.59235505
1625.0 40.61190149
1626.0 40.63161409
1627.0 40.65149466
1628.0 40.67154495
1629.0 40.69176677
1630.0 40.71216190
1631.0 40.73273211
1632.0 40.75347921
1633.0 40.77440496
1634.0 40.79551116
1635.0 40.81679958
1636.0 40.83827203
1637.0 40.85993027
1638.0 40.88177610
1639.0 40.90381129
1640.0 40.92603764
1641.0 40.94845693
1642.0 40.97107094
1643.0 40.99388146
1644.0 41.01689028
1645.0 41.04009917
1646.0 41.06350992
1647.0 41.08712432
1648.0 41.11094415
1649.0 41.13497120
1650.0 41.15920725
1651.0 41.18365409
1652.0 41.20831350
1653.0 41.23318726
1654.0 41.25827716
1655.0 41.28358499
1656.0 41.30911253
1657.0 41.33486157
1658.0 41.36083388
1659.0 41.38703126
1660.0 41.41345548
1661.0 41.44010834
1662.0 41.46699162
1663.0 41.49410710
1664.0 41.52145657
1665.0 41.54904181
1666.0 41.57686461
1667.0 41.60492675
1668.0 41.63323002
1669.0 41.66177620
1670.0 41.69056708
1671.0 41.71960444
1672.0 41.74889006
1673.0 41.77842574
1674.0 41.80821325
1675.0 41.83825438
1676.0 41.86855092
1677.0 41.89910464
1678.0 41.92991734
1679.0 41.96099080
1680.0 41.99232680
1681.0 42.02392714
1682.0 42.05579358
1683.0 42.08792793
1684.0 42.12033195
1685.0 42.15300745
1686.0 42.18595620
1687.0 42.21917998
1688.0 42.25268059
1689.0 42.28645980
1690.0 42.32051941
1691.0 42.35486119
1692.0 42.38948693
1693.0 42.42439842
1694.0 42.45959744
1695.0 42.49508577
1696.0 42.53086086
1697.0 42.56690278
1698.0 42.60318725
1699.0 42.63968999
1700.0 42.67638673
1701.0 42.71325748
1702.0 42.75029940
1703.0 42.78751393
1704.0 42.82490251
1705.0 42.86246658
1706.0 42.90020759
1707.0 42.93812698
1708.0 42.97622619
1709.0 43.01450666
1710.0 43.05296983
1711.0 43.09161715
1712.0 43.13045006
1713.0 43.16947000
1714.0 43.20867841
1715.0 43.24807674
1716.0 43.28766642
1717.0 43.32744891
1718.0 43.36742563
1719.0 43.40759804
1720.0 43.44796757
1721.0 43.48853568
1722.0 43.52930379
1723.0 43.57027336
1724.0 43.61144582
1725.0 43.65282261
1726.0 43.69440519
1727.0 43.73619498
1728.0 43.77819344
1729.0 43.82040201
1730.0 43.86282212
1731.0 43.90545522
1732.0 43.94830276
1733.0 43.99136616
1734.0 44.03464689
1735.0 44.07814637
1736.0 44.12186605
1737.0 44.16580737
1738.0 44.20997178
1739.0 44.25436072
1740.0 44.29897562
1741.0 44.34381794
1742.0 44.38888911
1743.0 44.43419057
1744.0 44.47972377
1745.0 44.52549016
1746.0 44.57149116
1747.0 44.61772823
1748.0 44.66420280
1749.0 44.71091632
1750.0 44.75787024
1751.0 44.80506598
1752.0 44.85250500
1753.0 44.90018874
1754.0 44.94811863
1755.0 44.99629613
1756.0 45.04472267
1757.0 45.09339970
1758.0 45.14232865
1759.0 45.19151098
1760.0 45.24094811
1761.0 45.29064150
1762.0 45.34059259
1763.0 45.39080282
1764.0 45.44127362
1765.0 45.49200645
1766.0 45.54300275
1767.0 45.59426395
1768.0 45.64579150
1769.0 45.69758684
1770.0 45.74965141
1771.0 45.80198666
1772.0 45.85459403
1773.0 45.90747496
1774.0 45.96063089
1775.0 46.01406327
1776.0 46.06777353
1777.0 46.12176312
1778.0 46.17603348
1779.0 46.23058606
1780.0 46.28542229
1781.0 46.34054362
1782.0 46.39595148
1783.0 46.45164733
1784.0 46.50763260
1785.0 46.56390874
1786.0 46.62047719
1787.0 46.67733938
1788.0 46.73449677
1789.0 46.79195080
1790.0 46.84970290
1791.0 46.90775452
1792.0 46.96610709
1793.0 47.02476208
1794.0 47.08372091
1795.0 47.14298502
1796.0 47.20255587
1797.0 47.26243489
1798.0 47.32262352
1799.0 47.38312320
1800.0 47.44393539
1801.0 47.50506152
1802.0 47.56650302
1803.0 47.62826136
1804.0 47.69033796
1805.0 47.75273427
1806.0 47.81545173
1807.0 47.87849178
1808.0 47.94185587
1809.0 48.00554544
1810.0 48.06956192
1811.0 48.13390677
1812.0 48.19858143
1813.0 48.26358732
1814.0 48.32892591
1815.0 48.39459861
1816.0 48.46060681
1817.0 48.52695191
1818.0 48.59363530
1819.0 48.66065837
1820.0 48.72802250
1821.0 48.79572910
1822.0 48.86377955
1823.0 48.93217525
1824.0 49.00091758
1825.0 49.07000793
1826.0 49.13944771
1827.0 49.20923829
1828.0 49.27938108
1829.0 49.34987746
1830.0 49.42072882
1831.0 49.49193656
1832.0 49.56350206
1833.0 49.63542672
1834.0 49.70771193
1835.0 49.78035907
1836.0 49.85336955
1837.0 49.92674476
1838.0 50.00048607
1839.0 50.07459490
1840.0 50.14907261
1841.0 50.22392062
1842.0 50.29914031
1843.0 50.37473306
1844.0 50.45070028
1845.0 50.52704335
1846.0 50.60376367
1847.0 50.68086262
1848.0 50.75834160
1849.0 50.83620200
1850.0 50.91444521
1851.0 50.99307261
1852.0 51.07208562
1853.0 51.15148560
1854.0 51.23127396
1855.0 51.31145209
1856.0 51.39202137
1857.0 51.47298321
1858.0 51.55433898
1859.0 51.63609009
1860.0 51.71823791
1861.0 51.80078386
1862.0 51.88372931
1863.0 51.96707565
1864.0 52.05082429
1865.0 52.13497660
1866.0 52.21953399
1867.0 52.30449783
1868.0 52.38986953
1869.0 52.47565048
1870.0 52.56184206
1871.0 52.64844567
1872.0 52.73546270
1873.0 52.82289454
1874.0 52.91074258
1875.0 52.99900821
1876.0 53.08769283
1877.0 53.17679782
1878.0 53.26632458
1879.0 53.35627450
1880.0 53.44664897
1881.0 53.53744937
1882.0 53.62867711
1883.0 53.72033358
1884.0 53.81242016
1885.0 53.90493824
1886.0 53.99788922
1887.0 54.09127449
1888.0 54.18509544
1889.0 54.27935347
1890.0 54.37404995
1891.0 54.46918629
1892.0 54.56476387
1893.0 54.66078409
1894.0 54.75724834
1895.0 54.85415801
1896.0 54.95151449
1897.0 55.04931917
1898.0 55.14757344
1899.0 55.24627870
1900.0 55.34543633
1901.0 55.44504774
1902.0 55.54511430
1903.0 55.64563740
1904.0 55.74661846
1905.0 55.84805884
1906.0 55.94995995
1907.0 56.05232317
1908.0 56.15514990
1909.0 56.25844152
1910.0 56.36219944
1911.0 56.46642503
1912.0 56.57111970
1913.0 56.67628483
1914.0 56.78192182
1915.0 56.88803205
1916.0 56.99461692
1917.0 57.10167781
1918.0 57.20921613
1919.0 57.31723325
1920.0 57.42573058
1921.0 57.53470950
1922.0 57.64417141
1923.0 57.75411770
1924.0 57.86454975
1925.0 57.97546896
1926.0 58.08687672
1927.0 58.19877442
1928.0 58.31116350
1929.0 58.42404599
1930.0 58.53742427
1931.0 58.65130073
1932.0 58.76567779
1933.0 58.88055782
1934.0 58.99594324
1935.0 59.11183644
1936.0 59.22823981
1937.0 59.34515575
1938.0 59.46258667
1939.0 59.58053495
1940.0 59.69900299
1941.0 59.81799320
1942.0 59.93750797
1943.0 60.05754969
1944.0 60.17812077
1945.0 60.29922359
1946.0 60.42086057
1947.0 60.54303409
1948.0 60.66574655
1949.0 60.78900035
1950.0 60.91279789
1951.0 61.03714156
1952.0 61.16203377
1953.0 61.28747690
1954.0 61.41347336
1955.0 61.54002554
1956.0 61.66713584
1957.0 61.79480666
1958.0 61.92304040
1959.0 62.05183944
1960.0 62.18120620
1961.0 62.31114306
1962.0 62.44165243
1963.0 62.57273670
1964.0 62.70439826
1965.0 62.83663952
1966.0 62.96946288
1967.0 63.10287072
1968.0 63.23686545
1969.0 63.37144947
1970.0 63.50662516
1971.0 63.64239494
1972.0 63.77876119
1973.0 63.91572632
1974.0 64.05329271
1975.0 64.19146278
1976.0 64.33023891
1977.0 64.46962350
1978.0 64.60961895
1979.0 64.75022766
1980.0 64.89145202
1981.0 65.03329443
1982.0 65.17575729
1983.0 65.31884300
1984.0 65.46255395
1985.0 65.60689255
1986.0 65.75186118
1987.0 65.89746224
1988.0 66.04369814
1989.0 66.19057126
1990.0 66.33808401
1991.0 66.48623879
1992.0 66.63503799
1993.0 66.78448400
1994.0 66.93457923
1995.0 67.08532607
1996.0 67.23672693
1997.0 67.38878419
1998.0 67.54150025
1999.0 67.69487752
2000.0 67.84891839
2001.0 68.00362525
2002.0 68.15900050
2003.0 68.31504655
2004.0 68.47176578
2005.0 68.62916060
2006.0 68.78723340
2007.0 68.94598659
2008.0 69.10542254
2009.0 69.26554368
2010.0 69.42635238
2011.0 69.58785105
2012.0 69.75004209
2013.0 69.91292789
2014.0 70.07651085
2015.0 70.24079337
2016.0 70.40577785
2017.0 70.57146667
2018.0 70.73786225
2019.0 70.90496697
2020.0 71.07278324
2021.0 71.24131345
2022.0 71.41055999
2023.0 71.58052527
2024.0 71.75121168
2025.0 71.92262163
2026.0 72.09475750
2027.0 72.26762170
2028.0 72.44121661
2029.0 72.61554465
2030.0 72.79060820
2031.0 72.96640967
2032.0 73.14295144
2033.0 73.32023593
2034.0 73.49826552
2035.0 73.67704261
2036.0 73.85656960
2037.0 74.03684889
2038.0 74.21788287
2039.0 74.39967395
2040.0 74.58222451
2041.0 74.76553696
2042.0 74.94884941
2043.0 75.13216186
